121.8091 24.5421 12.2000 2.44 c
122.4651 24.1176 29.6600 2.81 c
121.0150 24.3840 7.2100 2.30 c
121.0536 24.0105 9.3200 1.93 c
122.2258 24.3945 68.9800 3.09 c
121.5618 23.8226 26.9100 2.57 c
121.6188 23.8346 43.0500 2.89 c
122.3186 24.8225 129.7500 2.94 c
120.9633 23.9395 8.8800 1.73 c
122.1965 24.8371 104.3400 3.21 c
121.2595 23.0096 13.8400 1.86 c
121.7108 24.2921 15.6800 2.31 c
121.3811 24.1193 62.9600 2.56 c
121.0481 24.3580 7.2200 1.81 c
120.6980 23.8005 22.0500 2.18 c
121.8863 24.2983 9.9200 1.87 c
121.8041 24.5415 6.4600 1.45 c
121.8526 24.3491 7.9600 1.70 c
121.5443 23.7946 26.1500 2.18 c
121.6586 23.9521 14.3600 1.88 c
121.5878 23.9271 9.4800 1.91 c
121.5973 23.7533 37.9000 2.30 c
121.4171 24.8083 6.4700 1.88 c
121.6988 24.5943 65.2000 2.29 c
121.4116 23.7101 16.6000 2.70 c
121.7073 23.8071 35.8800 2.37 c
121.5171 24.5250 7.4300 1.35 c
121.0225 22.9715 5.5500 1.53 c
121.7401 24.3005 5.9500 2.01 c
121.5778 23.7701 17.9800 1.14 c
120.5945 23.5455 6.9400 1.99 c
122.2266 24.2073 49.3300 4.61 c
120.7801 23.5993 18.1800 1.49 c
120.9053 22.8375 2.0000 1.23 c
121.2651 23.6013 15.9100 1.29 c
122.2181 24.8995 12.9600 2.38 c
122.0335 24.8923 10.9500 1.82 c
120.5543 23.2475 7.7600 1.51 c
121.0680 24.3593 10.3000 1.87 c
121.5605 24.5375 7.2300 1.41 c
121.5798 23.7596 33.1300 2.43 c
121.3831 23.0020 17.4500 2.06 c
120.5403 23.2436 9.2400 1.30 c
120.9948 22.3971 12.5200 2.90 c
121.5740 23.8156 28.2200 2.88 c
121.7126 24.2988 5.6000 1.85 c
121.7150 24.2681 3.4800 1.69 c
120.7045 23.6433 13.9100 1.97 c
121.7386 24.2978 7.6800 2.31 c
121.2985 22.1153 26.7300 2.53 c
120.9810 22.3760 16.5300 1.88 c
121.9808 24.2375 28.1100 2.63 c
121.6275 23.7845 33.7400 4.92 c
120.7115 23.5096 4.7800 1.52 c
121.7833 24.4760 17.3300 1.94 c
121.7668 24.3586 16.6200 1.61 c
120.9118 22.8411 10.7000 2.06 c
120.5255 23.2748 7.3700 1.32 c
120.9978 22.3835 12.1300 2.14 c
120.3783 23.2505 16.6400 1.37 c
121.9658 24.3708 12.0100 1.52 c
121.9648 24.3443 13.8000 1.73 c
121.6235 23.8210 45.0900 2.55 c
121.6991 24.3006 13.9100 1.59 c
121.8176 24.5053 7.7500 1.55 c
120.4851 23.2058 15.5000 1.75 c
120.8598 24.2413 11.1300 2.33 c
120.8811 24.2460 10.8400 2.25 c
122.6600 23.8943 46.7700 3.45 c
121.3450 24.3536 9.8500 1.70 c
120.9020 22.8345 8.1800 1.60 c
120.5751 21.8458 33.2400 3.13 c
120.5551 23.3046 22.7300 1.25 c
120.4803 23.3781 3.2500 0.85 c
120.5028 23.3603 6.0800 2.25 c
121.5953 24.0088 9.2900 2.03 c
120.9106 24.2515 7.4400 1.81 c
121.5911 23.8903 29.3700 2.12 c
121.9146 24.5053 10.6100 2.25 c
122.4318 24.8531 15.0100 2.29 c
121.4331 22.0395 24.8000 2.49 c
121.1305 23.0588 43.7600 2.21 c
120.7285 23.5241 10.5700 1.68 c
121.7923 24.4150 11.8600 1.66 c
121.9266 24.2611 37.2100 2.16 c
121.3285 24.3678 6.0200 1.73 c
121.8165 24.3988 13.0600 2.20 c
120.7020 23.8025 20.7300 1.55 c
121.8841 24.4745 11.8800 2.12 c
121.8228 24.2438 57.5600 2.60 c
121.0420 21.9356 49.5100 2.81 c
121.8111 24.4238 12.2200 1.94 c
120.7151 23.3173 15.5700 1.53 c
121.3461 22.7100 11.1200 2.07 c
121.0338 24.3698 6.2500 1.81 c
121.8070 24.4220 11.6000 1.77 c
121.6843 24.5545 41.7600 2.56 c
121.7741 24.6111 7.2900 1.72 c
120.7163 23.2568 13.3300 1.33 c
121.0465 22.9740 9.4100 1.84 c
121.9935 24.8900 10.1400 1.57 c
121.0443 24.2846 8.8000 2.08 c
121.6966 24.0333 24.2600 2.22 c
121.5688 24.2165 26.6500 1.79 c
120.8680 24.1948 13.6500 1.75 c
121.0448 24.2856 8.5900 1.95 c
121.3095 23.0863 17.1500 2.24 c
122.8493 22.4011 69.1200 3.72 c
122.9005 24.0783 16.2900 2.54 c
120.7268 23.4641 11.0600 1.29 c
122.9485 23.9971 33.7400 3.60 c
121.2120 23.0891 17.8800 1.87 c
121.1880 23.0718 15.2800 1.44 c
120.6443 23.3953 3.6600 1.58 c
120.7441 23.5206 9.1400 1.59 c
121.3208 23.0961 16.2900 1.41 c
120.7208 23.3103 18.8000 1.67 c
121.6950 24.0813 55.6200 3.63 c
121.8908 24.4673 7.1500 0.98 c
121.8111 24.8311 95.3100 2.47 c
120.6053 22.8893 16.3800 1.56 c
121.0036 23.0375 5.5200 0.99 c
121.8098 24.4366 11.4500 1.51 c
121.7256 24.4446 7.4300 1.24 c
121.7856 24.4325 11.0700 1.55 c
121.4521 23.1306 24.4300 2.35 c
121.9330 24.4546 9.9000 2.25 c
121.8723 24.5068 5.6500 2.05 c
121.8008 24.4265 11.4500 1.20 c
121.8036 24.4333 13.2000 1.55 c
121.7900 24.4101 13.6000 2.19 c
121.3305 23.1438 17.8500 1.00 c
121.3283 23.1328 19.2300 1.41 c
121.0573 22.9681 7.1900 1.25 c
121.5965 24.0073 45.2000 2.58 c
120.5203 23.6030 14.3000 1.88 c
120.9188 23.2623 5.2100 1.92 c
120.7301 23.5203 8.4800 1.37 c
121.8413 24.5101 12.0800 1.55 c
121.8496 24.5468 5.3200 1.55 c
121.6153 23.7668 37.3200 2.22 c
121.5180 23.2123 40.5300 2.22 c
121.5541 23.2616 39.3100 2.69 c
120.9376 23.2185 10.8500 1.63 c
121.6113 23.6763 32.5700 2.35 c
121.6041 24.0330 10.9900 1.76 c
120.8481 23.5213 10.9400 1.92 c
121.3418 24.3583 7.2300 1.82 c
121.8106 24.5500 11.8100 1.52 c
121.9443 24.7890 79.0000 3.29 c
121.7843 24.4386 11.7000 2.11 c
120.6676 22.7163 25.9500 2.33 c
120.6236 23.2858 10.4000 1.10 c
121.9631 24.1991 47.8300 2.86 c
121.6601 23.7940 44.4800 2.65 c
121.0615 24.1738 10.8800 2.02 c
121.8065 24.4240 13.0700 2.04 c
120.8583 22.8301 6.2100 1.57 c
121.9355 24.3580 21.0100 1.92 c
120.8998 23.2186 3.3500 0.98 c
119.4395 21.7748 42.7100 3.70 c
122.7171 24.5613 105.1600 2.70 c
121.7108 24.3723 7.3100 1.80 c
121.7941 24.4286 16.6700 1.45 c
120.7103 23.3156 16.3600 1.29 c
120.6320 23.2523 8.9900 1.18 c
122.2033 24.8423 9.5700 2.65 c
121.7551 24.2621 11.5600 1.75 c
121.3923 23.2863 26.6000 1.61 c
121.7866 24.4170 14.6400 1.46 c
122.1693 24.2068 28.3200 1.73 c
121.7256 23.8173 40.5300 2.19 c
121.7828 24.4323 13.2200 1.84 c
121.6240 24.6150 10.3900 1.40 c
121.5098 24.5420 6.3900 1.02 c
121.9845 23.9561 29.0900 2.19 c
121.7618 24.3205 48.4100 2.28 c
120.4613 23.3448 13.0600 1.36 c
121.6430 24.3741 7.6600 1.29 c
121.7930 24.4430 11.2400 1.22 c
120.9176 23.2186 3.8500 1.72 c
121.8113 24.6325 65.9200 2.92 c
120.6570 22.8308 12.4800 1.62 c
121.4508 23.7191 2.2200 2.31 c
120.5901 23.5956 11.9900 1.37 c
121.6581 24.6730 12.5400 1.32 c
120.6210 22.8566 13.6100 1.22 c
121.2471 24.3130 6.7800 1.44 c
120.2481 23.3601 10.5900 2.25 c
121.7451 24.8645 78.0400 2.84 c
120.7346 24.2603 12.1300 1.89 c
121.6943 23.8183 50.6500 2.78 c
121.4606 23.2190 40.6800 2.42 c
121.5660 23.2458 42.4200 3.14 c
121.8070 24.4265 11.7700 2.02 c
121.3721 22.8956 17.8500 2.84 c
121.5341 23.6998 16.6200 2.61 c
120.7425 23.2685 12.3300 1.82 c
120.7521 23.2788 11.9200 1.55 c
122.2945 24.3615 66.4500 4.08 c
121.2073 23.2600 5.5100 0.85 c
120.7108 23.5113 9.1200 2.18 c
122.0803 24.5545 69.8800 2.93 c
120.6965 23.6098 9.1700 1.03 c
121.5100 23.9890 17.8700 2.38 c
121.8336 24.4556 12.8300 2.22 c
120.4958 23.3840 7.9300 1.61 c
121.7955 24.4143 12.4400 1.66 c
121.5605 24.5573 12.6200 1.79 c
120.8866 22.3651 9.6600 0.98 c
122.0128 24.3375 18.7400 2.43 c
121.8675 24.4985 15.5900 2.29 c
120.8895 24.3788 11.0000 1.86 c
121.6330 24.5500 57.9800 2.19 c
121.3240 23.4543 12.4500 2.26 c
121.6871 24.1008 36.0200 2.34 c
122.7048 25.4598 196.6100 3.47 c
120.4998 23.1708 12.5200 1.40 c
121.8660 24.0120 43.6700 2.34 c
121.6970 24.0506 34.8200 3.01 c
122.0035 24.8733 10.5600 1.69 c
121.6881 24.6060 8.0000 1.25 c
120.6393 23.5296 9.6300 3.46 c
120.6416 23.5280 8.5300 1.97 c
120.6398 23.5380 10.4800 1.51 c
120.6365 23.5241 8.5900 1.67 c
122.0178 24.5493 11.2300 1.74 c
122.4593 25.4915 280.9500 4.54 c
122.2260 24.8295 11.8700 3.22 c
121.8763 24.4910 8.3900 2.05 c
121.4631 24.6733 13.1100 1.45 c
121.8553 24.4928 9.3100 2.23 c
122.2260 24.8405 11.2400 2.09 c
120.9891 22.3506 14.0000 1.95 c
121.0315 24.5320 8.3800 2.05 c
120.7510 22.7251 21.1400 1.58 c
120.8943 23.9626 9.5200 1.64 c
120.9918 24.0370 10.5400 2.37 c
121.6235 24.6208 43.1200 2.51 c
121.8328 24.1841 46.0500 5.46 c
120.5753 22.1101 31.2100 2.15 c
121.0556 24.1668 10.6500 1.70 c
121.0751 24.1566 8.8700 2.58 c
120.9901 24.0343 9.6800 2.85 c
120.9730 24.0463 7.3000 1.59 c
120.9756 24.0533 6.0000 1.66 c
121.7566 23.8105 9.8000 2.67 c
121.7735 24.4573 12.2900 2.10 c
120.8561 22.8243 7.0700 1.71 c
120.6416 22.8333 15.0200 2.23 c
120.8546 22.9021 9.0800 2.41 c
121.6683 24.6330 72.7700 2.51 c
121.6686 24.6603 38.5700 2.09 c
121.4368 23.9613 20.3300 3.10 c
121.4300 23.9130 19.3300 2.09 c
120.5970 22.8553 14.3400 2.55 c
121.5865 24.0083 7.0700 1.61 c
121.8286 24.1706 44.4100 2.43 c
120.7103 23.3141 16.8100 1.92 c
121.8060 24.5453 10.2300 1.47 c
121.7585 24.2793 7.5600 1.75 c
122.0435 24.5535 66.5500 2.54 c
121.4050 22.2188 21.4200 3.21 c
121.4358 23.9220 17.8100 2.28 c
121.8835 24.5141 15.5100 2.38 c
121.5985 24.0118 7.9900 1.67 c
121.6101 24.0058 8.8100 1.84 c
121.5911 24.0116 7.0200 1.39 c
121.5823 23.7655 31.8700 2.50 c
121.0233 23.8628 27.6100 2.59 c
121.0366 23.9236 15.0700 1.45 c
121.8045 24.2018 44.2900 2.20 c
120.4416 22.7470 32.1400 2.53 c
121.7890 24.2053 62.0200 2.59 c
120.6250 23.5461 10.8300 1.32 c
121.7133 24.5406 9.8300 1.69 c
121.8440 24.3558 7.4500 1.96 c
121.0581 24.1783 12.6100 1.79 c
121.8150 24.4246 12.4200 2.49 c
121.0625 24.1788 12.4500 1.85 c
121.8963 24.4470 14.8600 2.03 c
121.7318 24.2890 16.0500 1.89 c
121.0350 22.9566 8.4300 1.81 c
120.9130 23.4236 13.7200 1.48 c
121.3683 23.7848 11.7300 1.77 c
122.2128 24.8226 22.2600 2.17 c
120.6305 23.5541 12.7900 1.17 c
120.6230 23.5365 9.3200 1.43 c
121.8173 24.4551 18.9400 1.66 c
121.8033 24.4125 13.1800 1.73 c
121.5940 23.7858 31.8800 2.67 c
120.7050 23.5251 10.5900 1.53 c
120.7023 23.5341 12.3200 1.77 c
121.5630 23.8188 28.3800 1.97 c
121.3406 23.2161 22.9400 2.06 c
121.7303 24.2998 16.5600 2.13 c
121.5828 23.7516 42.1800 2.10 c
121.4188 24.4360 6.7100 1.47 c
121.7971 24.3700 13.6100 1.78 c
120.7065 23.6501 12.4200 1.82 c
120.6895 22.7905 16.3700 2.38 c
121.6376 23.8388 41.5400 2.52 c
121.6395 23.7940 44.2700 2.46 c
120.7445 23.2126 7.4000 1.16 c
121.3240 22.9565 24.5100 1.91 c
120.6545 22.9523 17.2100 1.48 c
121.2585 22.6448 42.6600 2.54 c
120.8521 22.8970 5.9200 1.71 c
121.5705 23.7586 32.0300 2.07 c
121.8905 24.3016 12.0600 1.33 c
121.8501 24.4998 51.3000 2.61 c
121.7700 23.8823 49.6200 2.39 c
121.5836 23.7633 36.3900 2.52 c
121.7970 24.4320 11.6800 1.37 c
121.8045 24.4215 12.3100 1.56 c
122.1668 21.2276 160.0200 3.57 c
121.5836 24.1278 17.5200 2.54 c
121.7883 24.4188 10.7100 1.53 c
121.0585 24.1720 11.2200 1.91 c
120.6921 23.5876 10.1500 1.30 c
120.6205 23.5668 8.6700 1.51 c
120.8221 23.6201 10.5100 1.74 c
122.0378 24.9063 11.0300 1.98 c
122.0286 24.9161 10.5100 1.96 c
121.2816 23.4456 16.3000 2.10 c
121.3295 23.1410 19.9300 1.82 c
120.9118 23.4456 7.7300 2.15 c
121.5688 24.0443 3.3500 1.42 c
122.4118 24.8913 12.4500 2.99 c
122.4413 24.9173 18.2700 2.68 c
122.2771 21.2318 163.6200 3.69 c
120.9068 22.8458 9.0700 1.90 c
120.9961 22.3823 14.3200 2.14 c
120.8593 22.8300 6.3500 2.27 c
121.0303 23.1016 4.5100 1.82 c
121.0763 24.1446 11.7500 1.71 c
120.5413 23.4325 10.0700 1.51 c
121.3421 22.5565 31.1800 2.59 c
121.4061 23.6523 33.0200 2.25 c
121.3981 22.4316 25.2700 3.15 c
121.0625 24.2360 12.9000 2.15 c
121.0185 21.7776 19.6200 2.67 c
120.8761 23.0613 7.5100 2.32 c
121.5600 23.2666 35.0900 2.75 c
120.8763 23.0586 6.8000 2.97 c
120.8805 23.0760 7.3900 1.81 c
120.8775 23.0536 7.1400 1.84 c
121.3921 23.2215 20.7500 2.44 c
121.0506 24.1983 11.5200 1.94 c
121.7441 24.3561 18.2600 2.04 c
120.7005 22.8181 20.4200 2.01 c
120.6811 23.1065 8.3600 2.23 c
120.5230 23.5736 10.9500 1.83 c
120.8755 23.0656 7.8000 1.86 c
121.3483 24.6148 7.9100 2.20 c
122.0263 24.7508 10.1400 1.75 c
121.3176 22.6801 29.3700 2.50 c
122.5161 24.8661 12.4200 2.38 c
120.5923 23.4453 7.7500 1.72 c
121.3550 24.6281 8.8200 1.00 c
121.5808 23.8383 30.1400 2.55 c
120.9728 24.2521 37.6900 2.24 c
121.8136 24.4260 12.6200 1.60 c
121.5671 23.8295 28.3900 2.38 c
121.3500 23.0445 21.3000 1.86 c
122.3553 24.6726 94.3400 3.02 c
120.6550 23.5408 9.0000 1.84 c
121.6356 24.3923 18.5600 1.68 c
120.8770 23.1278 1.9800 1.06 c
122.0725 24.6896 69.0300 2.95 c
121.6798 24.3443 6.4100 1.41 c
120.6110 22.8793 15.2800 1.71 c
121.3413 22.5325 23.3200 2.80 c
121.4815 23.4668 28.5100 1.85 c
122.4135 24.8300 17.7000 2.62 c
121.8350 24.4906 8.7200 2.37 c
121.3261 22.4971 14.7800 2.65 c
122.0805 24.3078 51.0700 2.99 c
120.5348 23.4870 10.4800 1.14 c
121.3421 23.1135 17.3900 2.52 c
121.5873 24.1495 15.9800 2.26 c
121.8303 24.4971 8.0700 1.88 c
120.4998 23.3860 7.3300 2.04 c
121.0331 23.9571 14.0900 2.06 c
121.5528 23.7501 26.6000 2.24 c
120.8376 23.5800 10.6300 1.78 c
121.7466 24.5963 60.1800 2.68 c
121.6020 23.7285 22.7600 2.32 c
121.9031 24.4325 22.0000 2.14 c
120.8760 23.1063 6.3100 1.16 c
121.2708 24.2683 5.6000 1.52 c
121.0366 23.9515 12.4700 2.40 c
121.0205 23.9518 15.4500 1.46 c
121.4405 24.4255 8.2200 1.87 c
121.9373 24.4103 20.4900 2.29 c
121.4473 23.6596 11.4300 2.93 c
120.1140 23.2736 16.0500 2.06 c
121.4878 22.8096 15.8400 2.37 c
120.1203 23.2743 16.0400 2.12 c
120.1516 23.2731 12.7500 2.14 c
120.1340 23.2796 15.1500 2.52 c
120.1181 23.2746 11.9100 2.11 c
120.1495 23.2743 15.1600 2.62 c
120.1455 23.2758 14.7900 2.51 c
120.6393 23.5278 8.7800 3.12 c
121.0675 24.2806 12.4000 2.07 c
121.6435 24.5745 2.9200 1.57 c
120.7523 23.6683 5.6300 1.02 c
121.3071 23.1583 13.2600 1.94 c
121.8650 24.4788 8.2000 2.08 c
121.0091 23.6500 16.9400 1.34 c
122.3523 24.9031 11.5100 2.59 c
120.7141 23.3106 18.3500 1.29 c
121.3376 23.6878 7.2500 1.47 c
121.4551 23.3971 25.5800 1.73 c
121.7323 24.3705 19.8500 1.75 c
120.1650 23.2686 12.9100 2.11 c
121.2703 24.6313 10.4300 1.11 c
120.3865 23.1953 10.8800 1.00 c
121.9886 24.7536 13.5000 1.78 c
120.4693 23.3906 10.6900 0.94 c
121.6166 24.5790 12.9500 1.03 c
120.9466 22.5625 12.1800 2.42 c
120.4595 23.5075 11.3100 1.48 c
121.5790 23.9955 43.0600 2.11 c
120.8770 23.0663 8.3000 1.22 c
122.2131 24.7825 3.0500 2.31 c
120.6368 23.5433 9.6400 1.59 c
121.8068 23.7453 22.5900 2.13 c
121.2635 24.2460 6.6500 1.78 c
121.5320 23.6761 27.8600 2.23 c
122.3213 24.8178 17.8400 4.17 c
122.2340 24.7765 5.5000 2.05 c
121.1000 23.1961 7.8900 1.57 c
120.8281 23.5686 10.8900 1.63 c
120.6430 23.5551 7.6900 1.86 c
121.2851 23.2648 37.5900 1.50 c
120.9310 22.5735 12.3300 1.79 c
121.8130 24.4315 12.0200 1.51 c
120.6060 23.5375 10.1800 0.75 c
120.9431 23.7990 30.6300 2.20 c
121.7286 24.3470 18.1100 2.09 c
121.7058 24.2965 11.5600 1.57 c
120.1990 23.0058 13.1600 2.18 c
120.9236 22.8191 11.8300 1.60 c
120.1345 22.9466 4.6600 2.35 c
122.1131 24.8891 6.0000 1.69 c
122.0253 24.8570 6.6100 1.73 c
121.8606 24.4931 15.2200 1.89 c
121.0618 22.3653 19.4700 2.26 c
121.0835 23.8230 29.4900 3.62 c
122.5171 22.8123 53.3000 4.13 c
120.9538 23.3723 3.4700 1.41 c
120.9985 23.9855 13.4500 1.61 c
121.7596 24.4130 26.4400 2.08 c
121.6640 24.3901 58.0400 3.34 c
121.8395 24.4898 15.1400 2.22 c
121.0740 22.0225 29.7900 2.48 c
121.8770 24.4670 14.2000 1.83 c
121.7340 24.3768 29.5900 2.52 c
121.7608 24.4188 27.1900 2.67 c
120.9670 24.3706 10.3200 1.00 c
120.9548 24.3818 5.4800 2.14 c
121.4790 23.9205 19.3400 2.23 c
121.9695 24.7425 9.7600 1.82 c
121.0120 22.7090 16.1900 1.75 c
121.8246 24.4480 18.9800 1.59 c
121.6060 23.7413 32.3800 2.53 c
121.0938 22.1421 27.5100 2.06 c
120.6706 23.2060 8.5700 1.40 c
121.9546 24.8305 5.8500 2.09 c
122.0000 24.6490 61.8600 2.68 c
121.9136 24.4895 14.2100 1.08 c
121.7336 24.3733 29.0700 2.72 c
121.8410 24.3976 19.9600 2.54 c
122.5411 24.8810 102.5100 2.87 c
122.2866 24.7648 21.2700 1.95 c
120.9310 22.5136 9.3000 1.74 c
121.8590 24.5116 6.4100 1.82 c
120.6470 23.3911 15.9700 1.84 c
121.5368 24.1076 18.3400 2.55 c
121.3495 23.5616 50.2100 1.94 c
120.6625 22.6281 25.2900 2.83 c
120.6818 22.6050 17.7900 1.61 c
122.3300 24.8668 145.5200 3.03 c
120.9010 22.8398 4.4800 2.71 c
121.5695 24.1238 48.0900 1.97 c
120.9086 22.8311 3.3300 1.33 c
120.9086 22.8401 9.4900 2.01 c
120.6971 23.5035 6.6500 1.59 c
121.8706 24.4865 10.1400 2.19 c
120.6651 22.6093 20.8100 1.52 c
121.0730 22.7883 12.0000 1.48 c
120.5686 22.4341 20.8600 2.19 c
120.5978 22.4276 18.5200 2.43 c
120.9125 23.2215 3.5900 1.13 c
121.1446 21.7355 44.0600 2.81 c
120.5755 22.6101 34.1800 4.36 c
121.6900 24.1360 6.5600 3.02 c
121.5611 23.8346 22.2800 2.19 c
121.5911 22.6345 19.5800 3.13 c
120.4568 23.3128 10.8700 1.44 c
121.8348 24.2971 11.4200 1.80 c
121.7403 24.2701 2.4200 2.27 c
120.6673 22.8180 21.3000 2.72 c
120.6876 22.8003 19.6300 1.94 c
122.0068 24.9560 16.3600 1.93 c
122.2555 24.8200 10.4600 3.07 c
122.0860 24.8453 28.8200 2.20 c
122.1968 24.7985 4.5100 2.22 c
121.6270 23.7190 30.5200 2.26 c
121.8340 24.1128 58.6000 2.47 c
121.8036 24.5480 6.5000 1.88 c
121.0928 24.0023 11.8800 2.53 c
121.7080 24.2633 7.5900 1.82 c
121.7993 24.4393 13.2900 1.53 c
121.3361 24.6095 8.5500 1.54 c
120.7030 23.5595 12.2200 1.35 c
121.3561 24.5955 5.4900 1.32 c
120.8798 23.0561 7.3100 1.81 c
121.0351 23.9523 7.2600 1.02 c
120.3506 23.2131 12.3200 1.78 c
121.6496 24.1496 31.6800 2.94 c
121.4556 24.4170 15.7700 1.61 c
121.8895 24.1958 51.5500 2.31 c
121.8195 24.4376 11.5400 1.35 c
120.7166 23.4810 12.2800 0.80 c
120.8563 23.5063 11.3300 1.02 c
121.6610 23.8013 43.1100 3.16 c
121.7685 24.4703 24.0600 1.95 c
121.7821 24.1526 60.2700 2.24 c
120.4546 23.2911 6.8000 1.93 c
121.3015 23.4331 10.8400 1.08 c
121.3358 24.1373 9.5200 1.69 c
121.6728 24.2591 28.5800 2.81 c
121.3308 22.5796 77.9800 3.27 c
121.7670 24.4360 12.0700 1.05 c
121.7810 24.4455 11.1600 1.68 c
120.6678 22.8303 15.9700 1.29 c
121.5318 24.0016 52.6800 2.35 c
122.2355 24.6581 3.2200 2.05 c
121.7971 24.4318 13.7900 2.25 c
121.9580 24.8631 85.3900 2.93 c
120.7973 22.7005 22.2600 1.54 c
121.5765 23.8813 22.1700 2.23 c
121.7118 24.7195 43.2100 2.11 c
120.8090 22.7120 20.0900 1.41 c
121.6891 23.8473 48.7300 2.41 c
121.6993 24.3288 59.6600 2.04 c
122.2560 24.8210 12.9600 2.15 c
121.3715 23.2725 17.1000 2.63 c
120.4130 23.3030 2.0800 0.85 c
121.8871 24.4651 11.7900 2.35 c
120.7413 23.4580 5.6800 1.20 c
121.0190 23.0403 6.8200 3.03 c
121.7975 25.0305 145.7200 3.23 c
121.8080 24.4161 12.4500 1.93 c
121.3083 22.4563 85.1500 4.48 c
119.4240 21.7393 71.1100 3.56 c
122.1046 24.9480 113.6000 2.80 c
120.6776 22.8058 20.0700 2.28 c
120.8576 22.8133 6.2100 1.67 c
121.7938 24.4055 12.6400 0.77 c
120.6561 23.3980 7.8600 1.31 c
121.5398 23.2681 40.2700 2.18 c
122.3041 24.6003 82.2600 3.83 c
120.4368 22.6985 26.5100 2.88 c
121.9905 24.0276 42.4500 3.08 c
121.8088 24.4053 13.2100 2.30 c
120.6721 22.8185 17.7500 1.93 c
120.6933 22.8293 15.0400 2.08 c
120.9511 22.4693 12.8500 1.73 c
120.7945 23.5665 10.4300 1.93 c
120.9170 24.0846 26.1100 1.78 c
121.6878 24.2848 10.5800 2.57 c
121.6970 24.2818 8.5900 1.76 c
121.6938 24.2906 12.8600 1.81 c
121.6820 24.2866 9.7800 1.80 c
120.4868 23.4711 8.3300 1.74 c
121.9476 24.8241 9.3100 1.79 c
120.6401 23.4243 12.7900 1.42 c
121.6983 24.2813 12.1400 2.85 c
121.5631 23.8155 22.9900 2.81 c
121.7883 24.4340 12.0700 2.04 c
121.6403 24.0470 9.7100 2.01 c
121.6233 24.0363 7.4000 1.57 c
121.5726 23.1975 30.5900 1.50 c
121.5605 23.8178 22.8400 2.46 c
120.4745 23.4688 8.2100 1.79 c
121.8070 24.4106 12.9300 2.75 c
121.8680 24.4748 11.3400 1.47 c
121.8143 24.4081 12.8600 2.17 c
121.2925 23.4433 12.1400 0.92 c
121.3451 23.1793 23.4800 1.27 c
121.5441 23.8298 20.9200 2.20 c
120.4356 23.2583 9.5200 1.07 c
120.7618 22.8431 19.0700 1.90 c
121.8008 24.4050 13.4900 2.36 c
121.5138 23.8011 7.9700 1.56 c
122.0298 24.9148 8.6800 2.21 c
122.0596 24.9275 13.1300 1.77 c
122.0366 24.9305 9.3000 1.67 c
121.6316 23.8196 40.6300 2.65 c
121.0143 22.7120 16.0100 1.95 c
121.3811 22.9983 10.8400 2.22 c
121.7983 23.8598 53.2200 2.56 c
120.4831 23.1526 12.4200 1.85 c
120.6331 21.9585 40.4100 2.32 c
121.7118 24.2916 11.9400 1.68 c
122.0573 24.4960 60.5600 2.31 c
121.8006 24.4138 13.1900 2.53 c
121.8261 24.4193 11.7500 1.39 c
121.4831 24.4051 6.4300 1.63 c
121.0431 23.2223 5.7000 1.77 c
121.7863 24.4256 13.5900 1.59 c
121.8150 24.3991 13.1000 2.30 c
121.0473 23.7253 25.7900 2.15 c
121.8068 24.4241 14.4600 1.86 c
120.6686 23.6801 9.3800 1.37 c
120.9490 22.4748 7.9000 0.99 c
121.5521 23.2516 36.5800 2.37 c
121.5341 23.2318 36.3700 2.75 c
121.3716 23.8380 18.2400 1.84 c
121.6006 23.8225 39.5500 2.67 c
121.7926 24.4081 13.4200 2.22 c
120.8735 23.0971 6.8600 1.72 c
120.8118 22.6005 8.4900 1.60 c
120.9485 24.3996 12.4800 1.87 c
121.5753 23.5185 35.9800 2.19 c
121.7813 24.4366 12.0200 2.47 c
121.3765 23.2351 24.7900 1.29 c
120.8988 23.2093 7.5000 1.59 c
120.9075 23.1861 7.0100 1.11 c
121.7350 22.7980 12.1200 2.60 c
121.8130 24.4238 13.0600 1.70 c
120.9803 24.0186 12.9000 1.28 c
120.9663 23.3585 4.8100 1.78 c
122.2803 24.8318 20.4700 2.29 c
121.0491 22.9651 9.3700 1.39 c
120.9646 23.3551 4.1300 1.70 c
121.3380 23.1251 21.5700 1.49 c
121.8253 24.4020 12.2000 1.80 c
122.1726 24.8421 23.7200 1.99 c
120.9648 23.1561 6.1700 1.56 c
121.0348 22.9638 7.7100 1.44 c
122.0450 23.8880 27.5300 2.08 c
121.4831 23.4201 35.3400 2.23 c
121.0205 22.0981 19.1100 3.08 c
120.9098 22.4865 12.1500 1.42 c
121.7896 24.4200 11.4600 1.94 c
121.3893 23.0345 38.0500 2.21 c
121.7345 24.4225 8.7400 1.33 c
121.7431 23.7806 40.6100 2.31 c
121.0228 22.0965 21.3700 2.13 c
121.8100 24.4110 12.5200 2.62 c
120.8373 23.6458 6.0000 1.22 c
121.8360 24.4216 9.1100 1.45 c
120.4648 23.2120 7.3300 0.99 c
121.7745 24.3206 25.3200 2.05 c
121.5695 23.8215 25.1200 2.11 c
121.5456 23.8401 23.3600 1.68 c
120.7190 23.6621 5.9700 1.16 c
121.6988 24.8210 76.8900 2.47 c
120.7218 23.6441 6.7400 1.40 c
121.2913 22.6808 38.6900 3.10 c
120.6820 23.8046 21.8800 1.76 c
122.2696 24.8236 14.7000 2.59 c
121.6493 23.5725 29.2900 2.02 c
121.7378 23.2493 29.4600 2.76 c
122.2245 24.7980 6.3400 2.39 c
120.6521 22.8693 13.4400 2.16 c
120.8260 23.6081 7.4100 1.57 c
120.5866 22.4261 21.7100 1.90 c
120.4595 23.2203 7.8400 1.51 c
121.7931 24.5793 68.0000 2.65 c
120.8905 22.3985 8.3200 1.66 c
120.6171 23.3383 5.1300 1.33 c
120.9750 22.8773 10.0800 1.58 c
121.5471 23.2575 37.1100 3.16 c
120.8610 22.8345 4.8100 1.59 c
121.1726 24.6436 11.1200 1.71 c
121.7303 24.5061 35.6500 1.97 c
121.6723 23.8846 37.2600 2.45 c
121.3843 23.8168 11.2400 1.51 c
121.8940 24.4175 19.9500 2.27 c
122.6660 23.9826 61.6700 3.09 c
120.7833 23.2296 4.8600 1.30 c
121.3853 22.2286 7.0600 2.70 c
121.8453 24.6415 10.6800 1.32 c
120.8545 22.8353 5.8700 1.45 c
120.9215 22.4513 11.6200 2.19 c
120.7915 23.7860 23.9100 1.99 c
121.6995 24.1263 6.9700 1.85 c
121.6688 24.1518 7.3800 1.82 c
121.7083 24.2503 7.3600 1.32 c
121.7348 24.2475 10.7900 1.74 c
120.9573 23.3805 2.5600 2.34 c
121.0496 24.2693 7.6100 1.92 c
121.3413 22.4911 31.5100 2.93 c
120.4695 23.1578 8.1800 1.26 c
121.5856 24.1948 18.4800 1.92 c
121.7416 24.5045 73.4200 3.01 c
121.7301 24.2440 12.2600 1.87 c
120.6990 23.5943 8.4300 1.23 c
120.8958 24.2060 14.8300 1.86 c
121.1153 24.6835 10.1400 1.41 c
121.5986 23.7623 35.6000 2.66 c
121.3456 23.2005 22.2500 1.94 c
121.8913 24.4691 25.7500 2.07 c
120.6706 23.3793 7.1000 1.24 c
120.2930 23.0586 19.2800 2.25 c
121.8993 24.5798 8.3000 1.46 c
122.1365 24.8988 109.2800 2.79 c
121.4106 22.8770 15.0400 2.44 c
121.3816 22.8920 14.9700 2.55 c
120.7093 23.7666 23.7100 1.95 c
121.0135 23.9803 16.7000 1.67 c
120.9143 22.3911 12.2100 2.03 c
120.9075 22.8338 9.5100 2.33 c
121.5381 23.8233 24.3600 1.96 c
121.7480 24.2081 11.9600 1.82 c
120.9968 24.4748 15.6800 1.67 c
121.6920 24.2873 8.7800 2.04 c
121.7021 24.2893 12.3500 2.25 c
121.0838 24.6533 10.9200 2.09 c
120.9488 22.4968 14.1600 1.94 c
121.0488 22.7556 9.3800 1.78 c
120.8123 23.5628 16.6200 1.81 c
120.9618 23.9611 6.6700 1.76 c
121.0525 23.0426 4.6400 1.67 c
121.8251 24.5131 17.4700 1.84 c
121.5406 24.0585 19.6100 4.42 c
121.4011 23.7248 23.2900 2.86 c
121.4170 23.0710 25.9700 2.12 c
121.2618 22.2783 50.8100 2.78 c
120.6433 22.6423 25.2700 2.98 c
121.8026 24.4131 16.6000 2.20 c
120.6866 23.6308 10.2800 1.42 c
120.6018 22.8280 15.7300 2.86 c
120.9915 23.0985 4.6400 1.70 c
122.1880 24.6666 6.2500 2.29 c
120.9750 23.1161 7.3100 1.47 c
121.2998 23.1638 7.3900 2.03 c
121.8543 24.3855 20.5000 1.58 c
121.8340 24.4595 8.1200 1.40 c
121.5578 23.1815 26.8800 2.04 c
121.2071 22.3320 52.2000 2.57 c
121.2470 24.2503 7.0600 1.59 c
122.0118 24.3506 19.0700 2.63 c
122.5206 24.6413 102.6500 2.43 c
120.7278 22.7693 26.0800 1.54 c
120.4588 23.1198 13.8900 1.65 c
120.4570 23.1205 13.6000 1.56 c
121.5466 22.8720 19.7500 2.42 c
121.8620 24.3875 12.3700 1.33 c
121.7505 24.5050 6.9300 1.33 c
120.4221 23.2136 10.5000 3.36 c
120.7303 22.7390 18.3800 1.31 c
120.9425 22.4421 11.2600 1.46 c
120.7346 22.8558 1.8300 1.50 c
120.4815 23.3781 11.9400 1.34 c
120.9473 24.3996 14.4500 1.72 c
121.7408 24.2913 17.1900 2.09 c
121.7608 24.4418 15.4100 1.46 c
121.5523 23.7620 24.7700 2.55 c
121.0186 24.1471 2.2700 1.85 c
121.6140 23.7895 35.7100 2.50 c
121.8770 24.4675 20.4300 2.23 c
121.7706 24.4673 18.2100 2.08 c
120.4670 23.5276 9.4800 2.04 c
121.7756 24.4748 16.7400 2.14 c
121.7476 24.2640 4.7300 2.02 c
120.7330 23.5630 9.8000 1.68 c
121.1393 24.2691 12.8400 1.61 c
120.4145 23.2141 9.6000 1.74 c
120.4730 23.2406 7.4600 1.70 c
121.3036 22.9481 36.6600 3.97 c
121.3096 22.9443 40.1500 3.45 c
120.4676 23.2458 8.7300 1.09 c
120.8070 24.2111 6.7500 1.56 c
121.5243 23.7913 22.3800 2.61 c
121.9108 24.1391 53.9700 2.80 c
121.8023 24.4646 6.7400 1.53 c
121.5278 24.4660 10.3200 2.07 c
121.7185 24.7705 92.1800 2.73 c
120.7030 23.6721 9.6000 1.22 c
122.0053 24.3645 15.4900 2.81 c
120.6520 23.1695 8.6100 1.15 c
121.3246 23.4601 12.8100 1.91 c
121.7333 24.4566 26.4300 1.69 c
121.7596 24.4671 26.2300 1.81 c
121.5358 23.0675 23.6700 2.06 c
120.8631 23.0763 8.6300 1.32 c
120.4698 23.2446 7.2900 1.68 c
121.7245 24.2986 28.3400 3.08 c
121.5380 22.2463 18.5800 2.37 c
121.6395 23.7913 45.4000 2.50 c
121.4508 23.9230 17.6900 2.15 c
121.4623 23.9433 14.7200 1.45 c
121.6480 23.6580 33.6800 2.61 c
121.4530 22.8463 23.7500 2.22 c
121.3496 24.6105 8.2900 1.54 c
120.6598 22.8593 17.3500 1.32 c
121.4510 23.9403 15.4900 1.78 c
120.9515 23.2161 3.8700 1.49 c
121.7916 24.4320 11.5000 1.91 c
120.5595 23.2178 6.7200 1.30 c
121.8110 24.4075 13.5700 2.69 c
121.5278 23.7895 28.3700 1.86 c
121.8445 24.4928 14.3000 1.37 c
120.6231 23.1075 10.0800 1.02 c
120.7243 22.7781 18.4800 1.40 c
121.4563 23.9336 17.4900 2.02 c
121.8225 24.1831 23.0500 2.23 c
120.6936 22.8415 13.5700 1.68 c
121.7215 24.1513 51.7600 3.77 c
121.6740 24.3135 25.7000 1.55 c
121.7860 24.4095 12.3900 1.57 c
121.7288 24.4311 8.2100 1.39 c
121.8010 25.1616 135.1500 2.69 c
121.7308 24.2976 17.6700 1.72 c
121.7035 24.2896 25.7200 1.88 c
121.0351 23.9550 7.3700 1.53 c
120.4510 23.2383 7.1500 0.88 c
121.8230 24.5501 22.5400 2.19 c
121.6611 24.4585 24.9400 1.72 c
120.6223 23.4016 7.5500 1.82 c
121.6525 23.7693 14.6100 1.26 c
121.7223 24.4460 26.1600 1.48 c
120.9661 22.4171 50.2300 2.05 c
120.9278 23.0360 4.1700 1.00 c
120.8591 22.8361 5.6300 1.59 c
121.0136 24.0288 4.5900 1.44 c
121.6965 24.2978 25.7700 1.96 c
121.6980 24.4176 56.8500 2.15 c
121.6918 24.2585 7.3300 1.73 c
120.5640 23.0533 13.5700 1.07 c
120.5385 23.0378 11.0700 1.05 c
121.0271 22.9660 9.3600 2.38 c
121.0240 22.9691 8.0900 1.93 c
121.7578 24.3308 23.5800 2.01 c
121.8120 24.4190 12.2300 1.80 c
122.2531 24.8511 22.5200 2.40 c
122.0315 24.6226 52.3800 3.13 c
122.8691 24.7675 113.7200 3.63 c
121.3021 23.4566 9.6100 1.86 c
121.5968 23.7766 34.1600 3.26 c
120.4416 22.0745 46.9600 2.70 c
121.6353 23.7241 29.6500 2.54 c
121.9421 24.2700 49.5300 2.85 c
120.8953 22.8515 9.2000 1.68 c
121.6946 24.1821 10.0400 2.10 c
121.8430 24.4703 24.5800 1.88 c
121.0035 23.9821 14.4900 1.68 c
121.8228 24.5648 7.1800 1.63 c
120.6701 21.5725 53.5800 2.88 c
121.8396 24.2643 17.5700 1.94 c
121.7991 24.5430 11.3900 1.50 c
120.9626 24.2146 34.0200 3.00 c
121.5176 24.5700 67.0600 2.65 c
120.6406 23.1865 8.4800 1.02 c
122.4501 24.6226 9.9800 2.57 c
121.8833 24.4511 17.0300 1.68 c
122.8276 23.5881 94.8500 3.32 c
121.8778 24.4446 16.0600 1.95 c
122.2841 24.8866 11.8100 2.45 c
120.6901 23.2348 12.2300 1.59 c
120.7518 23.0913 5.1600 1.92 c
120.8328 24.2721 7.4500 2.17 c
120.9120 22.8546 11.1600 1.68 c
120.9036 22.8540 6.8400 1.60 c
122.2656 24.8321 13.0800 2.65 c
120.4243 23.1166 10.7900 2.29 c
120.6461 23.5833 8.5100 1.62 c
121.5491 23.8975 20.6300 1.78 c
121.5823 23.9290 11.8400 1.60 c
121.7866 24.4498 10.3700 1.17 c
121.5575 23.9053 23.3900 2.19 c
121.3175 23.3310 34.3300 1.62 c
122.7275 23.0763 75.2300 3.13 c
121.9606 24.6005 56.7300 2.10 c
122.2908 25.0888 11.1200 2.33 c
122.2748 24.3080 17.9000 2.25 c
121.6185 23.8360 42.4800 2.42 c
121.6910 24.0260 32.1900 2.21 c
121.4660 23.9575 3.6800 1.55 c
122.3176 24.8508 19.5600 2.05 c
121.9151 24.4636 14.4800 2.19 c
121.8586 24.4941 10.4900 1.53 c
121.0605 22.7778 11.8500 3.27 c
122.3713 24.4826 48.4300 2.31 c
120.5873 23.6015 8.4500 1.72 c
120.4301 23.3031 5.3600 1.09 c
121.7328 24.6163 6.2100 1.12 c
120.4358 23.3058 5.5500 1.72 c
120.4091 23.3153 2.7900 0.94 c
120.9030 23.4603 8.3700 1.52 c
120.6950 23.6226 5.4800 1.20 c
120.5303 23.1728 15.5500 1.61 c
121.3780 23.6351 15.3500 1.58 c
120.4105 23.2993 2.2500 1.03 c
121.2748 23.4413 6.1100 1.32 c
121.6366 22.9068 6.8800 2.45 c
120.9943 22.1046 15.2200 2.20 c
122.3153 23.9410 23.6500 2.80 c
121.0660 24.1590 8.0200 2.65 c
121.6860 24.2675 7.6100 1.74 c
121.7750 24.5403 11.2500 1.66 c
121.4438 23.3038 25.3400 2.26 c
120.9048 23.4241 8.3300 1.23 c
121.0961 24.2263 18.3200 1.84 c
120.8298 21.3850 78.2000 3.24 c
121.6823 24.3138 21.6600 2.26 c
121.3480 23.7560 18.2300 1.76 c
121.7761 24.4291 13.4800 1.85 c
121.4175 23.8380 17.0400 2.04 c
122.2695 24.8243 10.1700 2.49 c
122.2043 24.3213 37.5100 2.55 c
121.8150 24.2268 40.7800 3.02 c
120.6728 24.2860 7.6500 1.51 c
121.5320 23.8038 19.2100 2.46 c
121.7035 24.2965 26.3200 1.82 c
121.5598 24.8513 92.2100 2.36 c
121.9146 24.3933 29.2600 3.03 c
121.7096 24.2961 28.4900 2.06 c
121.8848 24.4043 20.5700 2.83 c
121.9081 24.3873 29.3000 2.73 c
121.8911 24.4026 22.4000 2.84 c
120.7995 21.7315 36.9900 2.65 c
121.6850 23.8718 22.3700 2.75 c
121.0375 22.9688 9.4100 2.35 c
120.8938 23.4156 8.4800 1.10 c
121.0270 22.9748 5.0900 1.56 c
120.1561 23.2238 15.8900 2.09 c
121.6801 24.5976 12.9100 1.29 c
120.6785 23.3951 8.3700 1.02 c
121.6890 24.6246 13.6900 1.45 c
120.6263 22.4793 15.7500 1.53 c
122.0670 24.8761 13.7300 2.06 c
121.3163 23.0360 16.4900 1.64 c
120.9016 23.2155 3.6900 1.28 c
121.8723 24.4430 25.2400 2.19 c
122.1935 24.1780 47.0300 2.42 c
122.0170 24.3905 9.7600 1.69 c
120.4240 21.9891 32.8100 2.31 c
121.6123 24.6238 57.4900 3.25 c
122.6715 24.4386 19.0500 2.97 c
121.6525 24.8985 89.2200 2.75 c
121.8171 24.4970 12.9700 1.69 c
121.6125 24.6093 12.4200 1.55 c
121.7383 24.3736 9.2100 1.74 c
120.8450 22.7150 51.0400 3.92 c
121.2158 23.2383 5.3800 2.52 c
121.8171 24.4900 24.3800 2.46 c
121.8590 24.4656 28.5800 1.91 c
122.0325 24.8401 8.0000 1.72 c
120.4943 23.2290 7.5200 1.16 c
121.7588 24.4195 14.7500 2.12 c
120.9811 22.9633 4.5400 1.26 c
121.0776 24.3848 8.1500 1.73 c
120.9173 23.4391 9.7900 1.57 c
120.9050 24.3863 5.2100 2.01 c
121.8033 24.5486 6.7700 1.28 c
120.6276 23.3233 8.4200 1.51 c
121.6796 24.3055 22.1800 1.87 c
121.5620 23.8405 36.4100 2.01 c
121.7255 24.3961 28.0700 1.60 c
121.6181 24.5810 14.4100 1.64 c
121.0353 22.7855 12.5200 2.20 c
121.9975 23.7068 42.4600 2.74 c
121.8110 24.4206 12.0200 1.51 c
119.8468 21.7385 130.0100 3.13 c
121.2163 23.2373 5.6900 2.37 c
121.5338 23.8538 23.8000 2.35 c
121.5241 23.5626 16.5100 1.56 c
121.5451 23.8375 28.3300 1.84 c
121.0241 22.3738 10.9000 3.60 c
121.0110 22.3391 13.6400 2.47 c
121.8381 24.2371 21.4000 3.09 c
121.3705 23.1185 21.0100 1.88 c
121.0358 22.3393 11.5900 2.49 c
120.9991 22.3795 15.6700 2.05 c
120.9006 23.2273 3.5700 1.29 c
121.7081 24.2458 12.0600 2.44 c
120.5925 23.5031 15.5700 1.50 c
121.8908 24.4610 17.1100 1.96 c
121.8900 24.4095 35.1800 2.14 c
121.9253 24.4560 14.9000 1.52 c
121.6850 23.8575 42.1800 2.52 c
120.6481 23.5860 7.1100 1.09 c
120.4843 23.5123 7.1600 2.63 c
121.9058 24.3098 31.5900 1.88 c
121.7413 24.2246 54.0800 2.47 c
120.7175 23.1140 8.9700 1.40 c
120.4775 23.5163 7.9600 1.97 c
120.9061 23.2298 10.7900 1.06 c
121.0055 22.3323 13.1600 2.14 c
120.4676 23.5205 9.3400 1.70 c
121.9835 24.3518 29.8900 3.11 c
121.0128 22.3418 11.7000 1.98 c
121.9933 24.3595 27.9100 2.26 c
121.5956 23.8360 29.5000 2.89 c
120.6145 23.5778 9.5900 2.52 c
121.6428 23.8006 40.5200 2.74 c
121.3073 23.1125 36.6500 2.41 c
121.6448 24.1768 29.6600 2.28 c
122.9046 24.2705 55.3300 3.14 c
120.5465 22.3941 19.9200 2.18 c
120.4418 23.1475 9.9600 2.24 c
121.8045 24.5941 62.9700 3.39 c
121.4220 23.3836 32.4800 2.67 c
121.5493 23.7041 24.7300 2.60 c
122.0041 23.7701 53.3200 2.37 c
121.3531 22.1750 15.0900 2.02 c
121.1275 21.1256 40.4700 3.18 c
121.3631 24.5988 7.1100 1.37 c
121.0655 21.8150 26.4800 2.43 c
120.7350 22.4658 3.8000 1.15 c
120.6916 22.6925 22.1600 1.77 c
121.7313 24.4123 23.3100 1.53 c
121.1506 23.0238 17.0400 1.64 c
121.8800 24.4791 16.1500 1.57 c
121.6081 23.7656 33.4200 2.52 c
121.9535 24.3756 26.5100 2.06 c
121.8973 24.4043 26.0600 2.18 c
121.5680 23.6770 32.3600 1.79 c
121.0148 22.4241 11.5100 2.20 c
121.9213 24.3976 35.9400 2.56 c
121.6815 24.6716 10.9200 1.70 c
121.6875 24.6518 12.8000 2.19 c
120.5620 22.4321 20.9900 1.75 c
120.8808 22.3730 7.5600 1.25 c
121.6871 24.6825 11.6400 1.42 c
120.7066 23.7863 23.3800 1.86 c
121.5750 23.6351 7.2000 2.40 c
121.5590 23.6675 11.0800 2.29 c
121.7820 24.4360 11.9500 2.24 c
121.3918 21.8055 6.0900 2.71 c
122.3596 25.2218 167.0700 3.25 c
121.3158 22.9031 26.6000 2.57 c
121.0233 23.9900 12.1500 2.07 c
120.9455 22.4615 13.9300 2.36 c
121.7991 24.4216 10.8700 2.35 c
121.6758 23.8215 41.0100 5.61 c
121.6335 23.8381 39.3700 3.10 c
121.8260 24.4225 14.1300 2.79 c
120.8861 22.4675 6.2700 1.78 c
120.5750 23.1920 7.9300 1.13 c
121.5941 23.7861 7.3900 2.45 c
121.5883 23.8603 39.9200 2.34 c
121.6125 23.5331 28.9400 2.17 c
121.3646 23.1951 18.8900 2.02 c
121.5760 23.7963 29.2100 2.50 c
120.3681 23.4313 15.8400 1.65 c
120.5473 23.0936 9.8900 1.47 c
120.6575 22.4773 20.0800 1.77 c
121.8431 24.1833 23.3800 2.01 c
121.6131 24.1781 21.2500 2.30 c
121.8060 24.4205 15.1900 2.42 c
121.4640 23.8521 16.5100 2.12 c
121.8490 24.4873 11.9200 1.17 c
120.7193 23.5098 9.6900 2.07 c
122.1320 24.1725 44.4400 2.58 c
121.7061 24.2766 26.0800 1.90 c
121.3418 22.1628 29.7600 2.61 c
121.2515 22.5925 19.5600 1.85 c
121.5611 23.6451 28.4500 3.14 c
120.6785 23.5725 7.2500 0.98 c
120.5065 23.0981 12.4000 0.89 c
121.6868 23.6051 28.7500 2.14 c
121.7546 24.1273 53.5100 2.34 c
121.7390 24.5880 67.6500 2.16 c
120.8968 23.7505 6.2800 1.26 c
121.8550 24.1701 26.2100 2.10 c
121.1265 21.9340 29.1400 2.80 c
121.6260 23.8416 42.8900 2.65 c
121.7271 24.2246 2.8700 2.06 c
121.7765 24.1976 14.0000 2.77 c
121.7471 24.2178 11.0700 2.04 c
121.3600 21.9975 7.2800 2.50 c
121.7946 24.4368 11.8700 1.88 c
121.6065 24.0280 8.7000 2.04 c
121.5923 24.0220 6.2800 2.13 c
121.5991 24.0260 7.4200 2.22 c
121.7493 24.2451 13.4300 2.04 c
121.8216 23.7671 37.5300 3.07 c
121.6156 23.8363 39.5500 2.49 c
121.8085 24.4228 11.1800 2.02 c
122.2316 24.8346 111.4400 3.14 c
121.7648 24.4746 7.8800 2.12 c
121.9360 24.4003 25.4000 2.12 c
120.3486 23.4136 12.0800 2.19 c
122.0241 24.5516 10.6200 2.09 c
122.1395 24.1620 41.7000 2.84 c
121.7765 24.2068 15.1600 2.00 c
120.6883 22.7078 18.1900 1.75 c
121.0223 23.0338 7.2100 3.01 c
120.8350 23.5973 5.8600 1.49 c
121.0118 23.0528 6.8700 1.64 c
121.9865 24.7956 78.8200 2.50 c
120.5773 23.2516 8.0000 2.71 c
120.4900 23.1651 13.2600 0.90 c
121.8986 24.4721 11.9200 2.11 c
120.5765 23.2446 7.8100 1.08 c
121.5315 24.2893 50.0500 2.62 c
122.4773 23.9765 19.8100 2.51 c
120.4481 22.0758 49.1900 2.37 c
121.8905 24.4618 17.2800 1.58 c
120.3471 23.4110 9.9000 2.15 c
120.7856 23.5910 3.4300 0.94 c
120.8661 22.8478 10.5700 1.35 c
121.2858 22.6060 32.9300 2.12 c
120.8758 23.8800 7.0300 0.76 c
120.6026 23.1691 12.5300 1.28 c
121.3460 23.3288 42.0400 1.96 c
121.5765 24.1660 18.8200 2.03 c
122.1550 24.4053 58.5400 2.46 c
121.6583 23.9100 32.1500 2.31 c
121.6135 23.8573 36.5000 2.52 c
121.8611 24.4380 43.7100 3.02 c
121.0101 23.0721 9.0400 1.80 c
121.7410 24.4106 9.7200 1.60 c
120.4975 23.5610 13.2100 1.72 c
120.5048 23.4245 9.7600 1.74 c
121.8810 24.5155 11.9000 1.83 c
121.2821 24.6321 5.6400 1.97 c
121.7790 24.2725 10.9400 1.85 c
120.9868 24.0541 15.4900 2.21 c
121.5803 24.1771 20.7400 2.60 c
121.0128 23.0406 7.5000 1.58 c
121.7878 24.4923 14.6700 1.87 c
121.7516 24.2160 10.5700 2.80 c
121.8100 24.5466 10.7400 1.87 c
121.7475 24.5560 5.6300 1.29 c
122.0151 24.5306 63.8400 2.39 c
120.4680 23.5576 7.0400 1.72 c
121.0158 23.0390 8.3000 2.47 c
121.0401 23.0641 13.2300 1.62 c
120.9923 23.1786 14.4700 1.38 c
121.0116 23.0405 7.2600 1.70 c
121.0300 23.0341 3.8100 2.10 c
121.0163 23.0406 7.1800 1.45 c
121.8161 24.4926 8.5100 1.75 c
121.0198 23.0391 7.2600 1.40 c
120.9403 23.0705 8.3500 1.41 c
121.9376 24.8196 11.2100 1.95 c
120.9511 22.8671 9.5800 1.69 c
120.7940 22.6765 20.6500 1.94 c
122.3228 24.2891 17.1200 2.23 c
121.3280 23.0131 18.6900 2.41 c
121.3400 22.1263 28.9800 2.49 c
121.6763 24.6790 10.5100 1.69 c
121.0336 22.9590 9.5700 1.50 c
120.6178 23.4360 7.9500 1.47 c
120.9786 24.0566 9.9300 1.61 c
120.4623 23.1881 10.0100 0.81 c
121.0410 22.9628 10.8000 1.20 c
122.1740 21.7778 38.2800 2.86 c
121.7580 24.2103 11.5300 2.28 c
121.5641 24.1543 19.6100 2.50 c
121.5711 25.1181 1.7200 1.81 c
120.6048 23.4788 7.7500 1.75 c
121.3281 24.3496 6.1200 1.41 c
121.6160 23.8348 39.5100 2.01 c
121.8546 24.4820 15.1800 2.16 c
121.1323 23.0425 9.0900 2.04 c
121.3123 22.9701 48.2300 3.32 c
121.8138 24.7915 76.4400 2.62 c
121.5683 23.8240 25.9700 2.47 c
121.9016 24.4283 16.0400 2.73 c
121.0401 24.3515 6.6400 1.56 c
121.8221 24.5708 8.4000 1.28 c
121.5580 23.8250 25.8500 2.42 c
120.8570 22.8180 6.0600 1.49 c
121.8541 24.5741 65.7000 2.54 c
120.9966 24.5233 9.5300 2.57 c
120.7010 23.5961 11.6400 1.66 c
121.6540 24.1381 5.7900 1.80 c
121.7841 24.4345 12.3000 2.08 c
120.8561 22.8395 6.6500 1.81 c
121.5628 23.8216 25.9300 2.08 c
120.6878 23.5646 9.3000 2.23 c
120.6926 23.5833 11.9500 1.50 c
121.7696 24.2003 13.8100 2.57 c
122.8161 23.9930 20.3000 2.75 c
121.3581 23.1620 17.6400 2.79 c
120.8363 22.9328 6.7900 1.85 c
121.6311 23.6695 12.5400 2.16 c
121.6113 23.7951 39.3400 2.55 c
120.4071 23.3090 15.7800 1.85 c
121.4536 23.5173 26.9000 2.26 c
121.4053 23.1275 19.3900 2.04 c
121.4805 24.0398 18.6300 1.45 c
121.7498 24.2893 10.4500 2.05 c
121.5718 23.8258 25.8300 2.68 c
121.3620 23.2106 17.8900 2.08 c
121.5641 23.8281 25.5400 2.42 c
121.7223 24.6145 3.6400 1.37 c
121.6096 23.9953 8.5400 2.38 c
121.8618 24.5138 8.2500 1.36 c
121.0850 22.8518 19.5800 2.29 c
121.6448 23.8476 31.4200 2.07 c
121.6081 23.9868 8.4900 1.53 c
120.7531 22.6425 20.8000 1.74 c
120.8116 22.6601 20.7100 1.80 c
121.5318 24.1020 21.7600 2.01 c
121.8306 24.2093 57.6000 2.42 c
121.8321 24.2380 8.3600 2.04 c
121.7630 24.2651 6.6300 2.04 c
121.8593 24.4680 15.6400 1.80 c
121.5795 23.8101 29.2500 2.47 c
120.6750 22.8093 19.0000 2.08 c
121.8313 24.5630 7.0800 1.60 c
120.4341 22.0136 53.9000 2.78 c
120.7495 22.4995 7.8200 1.98 c
122.0796 23.8000 24.7300 2.62 c
121.4218 23.3056 24.0300 2.36 c
121.8175 24.4235 10.6700 1.98 c
121.0160 23.0445 7.1700 1.94 c
121.9121 24.6556 71.2600 2.26 c
121.7455 24.1030 54.2400 2.58 c
120.3303 23.2583 9.6300 1.68 c
120.6290 23.1801 5.8600 1.01 c
121.5613 23.8331 25.3300 3.09 c
121.7408 24.3513 18.4600 2.03 c
121.8008 24.4265 12.2200 1.85 c
120.6400 23.4431 9.5300 1.15 c
121.5140 23.8403 29.4700 1.48 c
120.4846 23.1970 7.0200 0.76 c
121.2466 23.1885 9.8100 1.93 c
120.9990 22.4683 9.6100 1.41 c
121.0345 23.1006 4.8000 1.67 c
120.6410 23.3496 13.3600 3.05 c
121.8915 24.5586 4.0000 1.18 c
120.6913 23.6733 2.3800 1.13 c
121.9901 24.8653 9.7500 2.04 c
121.9926 24.8583 10.4800 1.79 c
120.3760 22.0630 32.0700 2.42 c
122.3608 24.9488 14.6900 2.15 c
120.9613 22.5625 11.4200 1.77 c
121.0446 22.9793 9.9000 1.47 c
121.1445 24.2115 7.5400 1.13 c
120.9820 22.6003 10.6300 1.98 c
121.0090 23.0705 8.5100 1.17 c
121.5680 24.1575 20.7900 1.59 c
121.5895 23.7646 9.2800 1.51 c
121.7926 23.8871 11.7500 2.07 c
120.8456 23.6016 5.4900 0.94 c
121.8970 24.2270 29.7900 1.60 c
120.9735 23.0521 8.6600 1.32 c
120.6300 21.9968 50.9600 2.38 c
121.0243 21.6773 25.1600 2.97 c
121.5751 23.8283 25.3700 2.60 c
121.7860 24.2190 14.4900 1.69 c
121.1523 22.9320 16.0000 1.41 c
121.7701 24.2795 21.6600 2.03 c
121.1521 24.1416 6.7400 1.95 c
120.9745 24.0883 1.9000 2.10 c
121.6863 24.2780 65.0000 2.58 c
121.3970 23.3000 24.1300 1.64 c
121.8163 24.4986 16.0400 1.58 c
121.4598 23.7385 10.1500 2.05 c
120.5115 23.4221 8.1100 1.31 c
120.6421 23.5263 6.9200 1.48 c
120.8585 22.8113 7.8500 1.57 c
120.7188 23.4925 7.9800 1.02 c
121.4005 23.7675 17.8300 1.80 c
121.2983 23.4600 10.5800 1.09 c
121.6515 24.0196 45.4300 2.55 c
121.8270 24.2108 15.4400 2.51 c
121.2666 23.1176 16.0500 1.92 c
120.7985 22.6838 21.3400 1.75 c
121.1960 22.6715 59.6500 3.61 c
120.5943 22.9978 15.0000 1.77 c
122.2190 23.9903 30.9100 2.50 c
120.5770 22.9220 15.9200 2.55 c
121.8631 23.7941 32.4100 2.35 c
120.5613 23.1545 6.6600 1.13 c
120.5520 23.1886 7.0900 2.05 c
121.3200 23.4746 8.4800 1.16 c
122.0246 23.7471 36.1600 2.48 c
121.8255 24.4883 24.2500 2.49 c
121.8468 24.4750 28.1800 2.58 c
121.7496 24.2306 11.9000 1.87 c
120.9033 22.8335 7.7000 1.82 c
121.8051 24.3413 15.2900 2.25 c
120.9571 23.3790 5.5500 1.47 c
120.9011 22.8420 7.2400 1.84 c
120.6785 22.8976 7.9900 2.49 c
120.5178 23.2840 7.7400 0.95 c
120.7720 23.1711 13.5900 1.79 c
120.7238 23.7010 12.9900 1.81 c
122.0213 24.4670 14.8600 1.92 c
122.1225 24.6261 18.3700 2.09 c
121.7025 24.1645 6.2200 1.93 c
121.7328 24.1295 9.0400 1.42 c
120.6693 22.6388 24.4800 1.26 c
121.7295 24.1555 7.4800 1.69 c
121.7330 24.1245 9.7200 1.74 c
121.7196 24.1363 10.3800 2.19 c
121.7210 24.1260 11.5700 2.27 c
121.7360 24.1220 8.8300 1.73 c
121.7183 24.1385 9.8800 1.75 c
121.7155 24.1401 9.6200 1.28 c
120.6465 23.5308 8.5100 1.95 c
120.6263 23.5571 12.2400 1.53 c
121.0216 22.0645 16.6800 2.05 c
121.7266 24.1518 11.3400 1.42 c
120.3580 23.2700 8.8600 1.19 c
121.7786 24.4770 6.6100 1.21 c
121.7908 24.4771 6.2700 1.16 c
121.7388 24.3580 14.1400 1.45 c
121.6853 24.2843 2.0700 1.54 c
121.0153 22.0646 19.8700 1.97 c
120.8998 23.2081 6.3800 1.54 c
121.5803 24.1568 19.7800 1.94 c
121.3591 23.0125 43.1400 2.44 c
120.9668 24.5315 10.0800 1.59 c
120.3676 23.2556 10.3600 1.93 c
120.3903 23.4525 10.2600 1.61 c
120.8911 23.4323 4.3400 2.71 c
121.7258 24.3658 13.1300 1.78 c
122.3666 24.0838 25.5100 3.38 c
121.8351 23.4688 28.7600 3.04 c
121.6828 24.4423 58.9200 3.10 c
121.3685 24.6011 11.6300 2.03 c
121.4058 23.0068 12.5700 2.69 c
121.7946 24.4761 18.2900 2.42 c
121.6326 24.0846 26.2100 1.94 c
120.4531 23.1706 10.0700 1.15 c
120.4518 23.1768 8.2900 2.53 c
120.7836 23.8555 6.1300 1.90 c
121.7168 24.4128 19.6900 2.28 c
120.7836 23.5531 18.5800 1.65 c
121.8525 24.4898 16.0200 2.29 c
121.3916 22.3860 22.7300 2.68 c
121.7413 23.7078 34.4900 2.87 c
121.7921 24.2073 14.3100 2.85 c
121.4343 23.7423 16.8000 2.55 c
121.5453 23.6005 27.5500 2.80 c
121.8991 24.4633 17.5600 1.44 c
121.5453 23.6370 21.0700 1.79 c
121.6086 23.7560 36.4600 2.69 c
120.7823 23.1646 6.0300 1.74 c
120.3580 23.2645 7.1800 1.36 c
120.9338 22.4435 15.6900 1.46 c
121.6121 24.0148 8.5500 2.70 c
120.7748 23.1846 2.8400 0.54 c
120.6520 23.0460 6.1100 1.10 c
120.6138 23.5790 9.6600 0.98 c
121.7938 24.5086 13.9200 1.84 c
120.6711 23.6946 7.1100 1.49 c
121.0200 24.5268 4.5700 1.30 c
121.6641 24.6633 36.4300 1.95 c
120.7791 23.8936 10.4000 1.62 c
121.4050 23.7600 20.7500 2.50 c
121.4188 23.7755 23.6500 2.61 c
121.3673 23.7666 23.0800 1.78 c
121.3608 23.2778 17.0600 2.41 c
120.7830 23.1641 6.3200 1.64 c
120.9366 23.2613 2.6100 0.78 c
120.7851 23.1706 4.8800 1.11 c
120.9153 22.5586 9.0500 1.99 c
120.5915 21.7438 42.9000 2.58 c
121.0670 24.3201 3.4800 1.37 c
120.9840 22.5076 7.9600 1.48 c
121.4083 23.8011 28.7400 1.93 c
122.1980 24.9590 16.6400 2.68 c
120.6236 23.2820 15.8500 1.06 c
120.8871 22.4035 5.5400 1.06 c
121.5200 23.2178 32.5600 2.92 c
121.8035 24.4181 12.7700 2.69 c
122.2370 24.8208 112.3700 3.00 c
121.9245 24.1956 56.9500 3.04 c
121.8451 24.4665 22.9800 2.22 c
121.8796 24.8246 11.9500 2.02 c
120.7165 22.8305 22.1400 2.06 c
121.7643 24.1883 21.1600 2.71 c
121.3458 23.1863 14.2700 2.01 c
120.7213 24.0170 15.7700 1.80 c
120.4800 23.3313 9.6500 2.33 c
121.8365 24.5356 10.5000 1.72 c
121.1500 22.5343 25.6700 1.98 c
121.5286 22.5156 108.5400 2.81 c
121.9690 24.8176 96.8100 3.14 c
121.5625 24.1463 19.0800 2.60 c
120.8830 23.6953 19.2700 1.88 c
120.8945 22.8253 6.5200 1.36 c
121.3030 23.1740 13.4500 1.60 c
121.0268 24.1585 3.0400 1.97 c
120.5903 22.5153 21.2500 1.60 c
121.7993 24.4205 13.8000 2.59 c
120.9773 23.2606 12.3500 1.41 c
121.7818 24.5738 6.3100 2.00 c
121.7883 24.4235 14.9900 1.53 c
121.7655 24.3763 13.6600 2.39 c
121.6375 23.8433 40.3500 2.53 c
121.5596 23.8118 25.8700 2.16 c
121.5601 23.2408 38.4500 2.71 c
120.6813 23.5686 7.6300 1.50 c
121.3238 23.1850 18.2900 1.91 c
120.9296 23.0653 8.0400 1.50 c
120.7665 24.3030 10.2100 1.21 c
121.8226 24.4658 16.6000 1.34 c
121.8075 24.5200 5.8700 0.85 c
120.9010 22.8333 7.7100 1.45 c
121.3473 24.6005 9.4300 3.76 c
121.3456 24.5875 3.1600 1.49 c
121.3615 24.6080 6.5100 1.32 c
121.0343 22.9755 8.0600 1.60 c
120.2041 21.2623 79.0000 3.13 c
121.0438 22.9795 10.1200 1.49 c
121.8158 24.4238 12.9000 2.18 c
121.5480 24.0935 17.4300 2.20 c
121.4906 23.9761 22.4400 1.69 c
120.4875 21.7406 31.5700 2.84 c
122.5845 24.5106 82.9600 3.29 c
121.2608 23.5760 9.1100 1.78 c
121.3141 23.1741 12.9400 2.15 c
120.4525 23.5050 11.6000 1.88 c
121.6756 24.2603 13.6200 1.80 c
121.8683 24.4746 13.5200 2.52 c
120.4578 23.1740 11.1700 1.60 c
120.9860 23.3638 8.2900 2.05 c
121.8076 24.3416 11.0900 1.67 c
121.8353 24.3198 11.1500 2.06 c
119.9991 23.1715 14.5700 2.35 c
121.6623 23.6188 16.7300 2.21 c
121.9985 24.4036 7.7500 2.27 c
122.2051 24.1411 18.4200 3.25 c
121.0170 22.7681 8.3300 2.01 c
121.8606 24.4781 11.8900 2.00 c
121.7700 24.4415 11.4100 1.50 c
120.8281 22.9170 12.4500 1.77 c
121.4900 23.9655 15.6400 1.72 c
120.6283 23.1746 14.9600 1.24 c
120.5196 23.4071 12.3400 1.57 c
120.4773 23.3893 12.0100 1.68 c
121.0865 24.2493 9.8600 1.67 c
121.7410 24.0110 46.6100 2.29 c
120.9008 22.8386 8.2600 1.41 c
121.6448 23.9123 37.8500 2.93 c
120.5296 23.0723 10.2800 1.12 c
121.2445 22.9580 17.3300 1.71 c
121.7843 24.2711 20.5000 1.73 c
121.6498 24.0293 7.0500 1.86 c
121.6266 24.0880 9.1100 1.10 c
121.6441 24.0498 8.2600 3.89 c
120.5401 23.1638 13.9200 1.54 c
121.6213 24.0463 9.2200 2.16 c
121.6220 24.0770 8.4800 1.59 c
121.6435 24.0516 12.3700 2.21 c
121.6281 24.0571 11.4600 1.96 c
121.6396 24.0643 11.9400 1.73 c
121.6398 24.0683 10.9400 1.91 c
121.6276 24.0741 10.7500 1.80 c
121.6365 24.0621 10.3100 1.92 c
120.7231 22.6760 19.0800 1.67 c
121.7811 24.2741 19.7000 1.57 c
121.6511 23.7483 42.7400 2.34 c
120.5916 23.4265 8.2800 1.25 c
121.7180 24.4945 6.2200 1.44 c
120.6778 23.0963 6.9400 1.11 c
120.9470 22.4166 15.1200 1.10 c
121.0731 24.6693 9.6000 2.10 c
122.0490 23.8490 20.4800 2.24 c
121.9778 24.3571 9.5100 2.24 c
120.2128 23.2755 15.7000 1.86 c
120.9375 22.4090 13.7700 1.37 c
120.5086 21.8116 45.5200 2.30 c
121.1740 22.7028 58.7300 2.99 c
121.7016 24.3320 17.0700 2.24 c
121.2468 22.9651 18.9500 1.98 c
120.5245 23.2300 7.6400 0.60 c
120.6460 23.5631 10.4200 1.12 c
120.3520 23.4096 10.5800 1.76 c
122.9585 24.4041 68.2600 4.45 c
121.5485 23.0340 21.3400 2.13 c
121.6923 24.2516 27.0900 1.82 c
122.3460 25.4316 264.0700 3.92 c
121.6331 24.0721 9.9700 2.04 c
120.4410 23.1465 9.5600 1.47 c
120.8663 23.5088 9.7900 1.24 c
120.7461 22.5065 8.5900 2.04 c
120.6303 23.4358 12.3500 1.34 c
122.0000 24.8868 7.0600 1.64 c
121.0031 24.5186 14.6500 2.12 c
121.3206 23.1993 20.2000 2.46 c
120.6548 23.6090 5.2600 1.89 c
121.1846 23.0965 10.5400 1.92 c
122.0640 24.9105 114.9200 2.61 c
120.9913 22.4406 14.4700 1.97 c
121.4460 23.2606 34.3500 2.08 c
121.6283 23.5878 28.0600 2.59 c
120.8963 22.8331 8.1800 1.55 c
121.6515 24.0685 8.9200 2.15 c
121.6451 24.0515 14.6400 2.54 c
120.7375 22.9000 8.9900 2.15 c
121.6510 24.0343 8.2700 1.74 c
121.5228 24.0681 21.6200 2.48 c
121.5266 24.0530 23.5100 2.08 c
121.5748 23.7570 27.6500 2.17 c
120.4811 23.4056 4.6400 1.13 c
121.9275 23.9186 36.7900 2.25 c
122.0475 24.8231 8.0100 2.55 c
121.8170 24.4106 12.1700 1.62 c
120.7493 23.1361 7.5900 1.37 c
120.5295 23.3023 13.4500 1.43 c
120.6335 23.2865 8.1300 1.74 c
121.8986 24.4603 12.7900 2.02 c
120.9515 24.2590 33.5900 1.99 c
120.6733 22.6348 15.2000 1.82 c
121.6476 24.0535 8.0700 3.06 c
120.4651 23.5146 8.5600 1.89 c
120.8005 23.2043 7.8300 1.92 c
122.6470 23.6553 9.0300 3.02 c
121.3426 23.3490 32.0200 2.18 c
121.8426 24.2531 15.4700 2.12 c
121.6290 24.0811 9.0400 2.11 c
120.7380 22.6461 6.9700 1.60 c
120.4553 23.5140 10.7700 1.84 c
122.0550 24.8268 8.2600 2.07 c
122.1851 24.1480 26.6500 2.60 c
122.0445 24.3678 22.8500 2.29 c
121.6626 24.2713 55.1100 2.78 c
120.8181 24.3603 11.8300 2.04 c
121.6310 23.7093 24.9300 2.32 c
120.6861 22.6795 21.9000 1.83 c
120.2863 23.1643 18.8600 2.30 c
121.9328 24.4060 24.4300 2.72 c
121.8391 24.4981 10.3800 2.01 c
120.1973 23.2160 4.6400 1.73 c
121.0340 22.7766 9.9100 1.57 c
120.9871 22.7081 13.0700 1.74 c
122.4396 24.8378 4.7400 2.49 c
122.7178 25.1365 162.3200 3.49 c
120.9065 23.1658 5.9300 1.79 c
121.6483 23.7265 30.4900 2.71 c
120.2746 23.1895 18.8800 1.98 c
120.9060 22.8690 10.2300 1.78 c
121.6531 23.7590 37.5600 2.55 c
120.9163 24.3661 6.0400 2.13 c
121.4911 23.1048 26.1000 2.08 c
121.2940 22.9258 18.8100 2.37 c
122.5540 24.6691 10.1600 2.36 c
122.2091 24.3486 22.5100 1.80 c
121.6451 23.6096 30.3300 1.98 c
120.6386 23.5228 7.2700 1.52 c
120.8793 24.3358 11.4200 1.68 c
121.3233 22.9106 15.6200 2.69 c
122.2000 24.8351 2.5500 2.27 c
120.8296 22.7243 7.9700 1.77 c
120.6363 23.5241 8.6600 1.05 c
121.7790 23.9171 42.3700 2.83 c
121.3631 23.0470 21.6600 2.21 c
121.2806 22.9298 12.8000 2.50 c
121.5473 23.7810 37.6300 2.49 c
121.4200 22.2693 12.5600 2.73 c
121.6045 24.0081 8.0400 2.03 c
120.5571 23.2491 6.1600 1.22 c
120.8420 21.9913 9.8500 1.68 c
121.8300 24.4551 14.4700 1.53 c
121.7465 24.2521 8.8000 1.54 c
122.8461 24.7575 100.7700 3.11 c
121.0698 22.9903 6.6300 2.29 c
120.8673 22.8631 5.9600 1.46 c
122.1230 21.2340 165.2700 4.07 c
121.5621 22.6881 19.8000 2.82 c
120.9068 23.2108 7.0600 1.60 c
121.6363 24.0475 9.0000 2.79 c
121.6528 24.0451 9.4300 1.86 c
121.6471 24.0656 9.2300 2.81 c
121.6478 24.0456 7.4500 1.80 c
121.0421 22.9675 9.3500 1.49 c
121.8573 24.8256 66.9000 2.83 c
121.7113 23.8815 20.0200 2.80 c
120.9930 22.4385 15.5800 1.87 c
121.5371 23.8853 26.6300 2.20 c
120.8216 23.5893 10.6000 1.40 c
121.5650 23.7706 23.9500 1.50 c
121.9605 24.7851 9.3300 1.73 c
120.9766 24.5615 10.1900 1.41 c
121.7945 24.2251 14.0100 2.12 c
120.7858 23.1265 6.0200 0.93 c
120.9990 22.6223 12.5300 1.78 c
120.8583 23.4183 8.7900 1.24 c
121.5841 24.0671 6.5100 1.84 c
120.5725 22.3833 23.0600 1.66 c
120.9891 22.4470 16.3400 1.63 c
120.5103 25.0788 15.3400 2.60 c
121.8891 23.2481 33.4000 2.42 c
120.6348 23.2448 8.3400 1.40 c
121.6043 23.8833 40.5100 2.40 c
121.9766 24.8086 10.0100 1.51 c
121.7411 24.3690 52.6900 2.56 c
121.5701 25.2785 12.4100 2.03 c
121.5410 23.6415 33.0300 3.37 c
120.9331 22.7673 44.7900 2.16 c
121.5785 23.8196 37.6100 2.47 c
121.3478 24.6071 8.3300 1.39 c
120.4278 23.2168 8.3900 1.80 c
121.0533 22.2655 12.6400 3.08 c
120.6420 23.2363 8.1100 1.92 c
121.3516 24.5963 15.3500 2.07 c
120.6361 22.4558 14.1900 2.21 c
121.2013 23.1656 9.8100 3.30 c
121.1886 23.1781 8.6100 2.41 c
121.9691 24.8078 7.5900 2.08 c
121.3585 23.1990 17.9900 2.91 c
121.5680 25.1945 12.8300 2.16 c
120.9381 22.9878 13.2600 2.19 c
121.7153 24.3141 24.7800 2.74 c
120.5066 22.6623 30.4600 2.94 c
121.7510 24.2255 10.6400 2.67 c
120.4338 21.9505 32.0000 2.50 c
121.6411 24.0533 30.9400 2.30 c
121.6055 23.2176 28.6100 2.34 c
121.3615 24.5936 8.5200 1.98 c
121.7793 24.4261 13.8000 2.31 c
121.5938 24.0523 10.2900 2.05 c
121.6986 24.3245 25.4000 2.14 c
122.0346 24.3903 13.5200 1.70 c
121.7861 24.4420 12.2600 1.45 c
121.3278 24.4458 6.1600 1.62 c
120.6915 23.3590 4.0000 1.17 c
121.7260 24.3026 51.2800 2.41 c
121.6246 24.0258 24.5700 2.81 c
120.8895 24.1783 36.0400 2.25 c
121.7926 24.2648 52.6600 2.50 c
120.9073 23.0491 5.3900 3.38 c
120.8698 22.9566 9.9200 1.68 c
120.9191 23.0440 6.6900 1.95 c
121.6415 24.0583 10.3400 2.19 c
121.6210 24.0445 9.4000 1.69 c
121.6533 24.0405 8.0700 1.59 c
120.9348 24.2573 17.2600 1.97 c
121.1468 24.5420 10.6300 1.97 c
120.7053 22.8188 12.1000 1.65 c
121.6351 24.0898 8.9000 1.77 c
121.3460 22.8790 25.2700 2.09 c
120.4925 22.0320 52.6200 2.48 c
120.6738 23.5310 2.9800 0.87 c
121.7151 24.1523 7.8000 1.66 c
121.7013 23.6450 26.1800 2.13 c
121.6075 24.0316 11.0800 1.62 c
121.7088 23.7543 44.2400 2.80 c
120.8753 22.9608 10.2700 1.75 c
120.4910 23.0813 11.5700 1.73 c
121.3221 22.9326 19.6100 2.26 c
120.6948 22.7746 17.6500 1.28 c
121.8086 24.3360 14.7400 2.65 c
122.0518 24.1736 41.7200 2.31 c
121.8906 24.3963 15.4800 3.23 c
121.0360 22.9771 7.8600 1.58 c
121.7305 24.4413 38.2300 2.81 c
122.2493 24.2035 25.1800 3.77 c
120.4748 21.8791 18.3800 2.02 c
121.8460 24.5031 25.1700 1.79 c
121.9170 24.4415 15.5700 2.62 c
121.1401 24.2671 11.6900 1.66 c
121.7983 24.5393 5.4000 1.61 c
121.6186 24.0121 30.9700 2.68 c
120.7588 22.3633 12.7500 0.86 c
122.1595 24.8468 116.7800 3.10 c
121.8598 24.5081 9.8400 2.09 c
120.6791 23.2030 10.6300 1.97 c
121.0471 23.8446 30.6700 1.84 c
120.3516 23.4956 6.8000 1.78 c
121.8003 24.5336 6.5000 1.95 c
121.1580 21.7043 29.9900 2.52 c
120.7085 23.5258 7.4000 2.53 c
120.7345 23.1971 18.9000 1.31 c
120.7501 23.2766 13.4700 1.41 c
120.8270 22.7541 7.5600 1.99 c
121.6135 24.6241 48.8400 2.35 c
121.4675 24.3786 6.0700 2.07 c
120.4230 22.1065 51.8000 2.44 c
121.2960 22.7568 18.2600 1.70 c
120.7478 23.1398 6.9300 1.70 c
121.8286 24.7770 97.5600 3.58 c
120.7208 22.6675 21.8000 1.35 c
120.3681 22.0986 32.9800 2.18 c
121.5458 23.7995 21.1500 3.29 c
121.9438 24.8235 6.6100 1.80 c
121.7988 24.5866 23.3600 1.58 c
120.8430 23.5750 9.8100 1.67 c
121.6246 24.0553 9.3100 1.82 c
121.8093 24.3325 6.8100 1.53 c
120.7250 23.5135 10.2600 2.51 c
121.7268 24.7281 14.1900 1.73 c
121.0965 24.6831 10.5600 2.03 c
121.6316 23.8268 40.5300 2.58 c
120.8743 24.3556 11.1200 1.73 c
121.8553 23.8458 41.9700 3.45 c
121.5145 24.0438 20.2200 2.07 c
121.7856 24.5513 3.7300 1.46 c
121.8310 24.4086 10.9100 2.13 c
121.6223 24.0656 10.5300 2.13 c
121.5625 24.0416 3.5300 1.80 c
121.6113 24.0488 8.0100 1.91 c
121.6243 24.0605 10.1400 2.66 c
121.6358 24.0503 9.1100 2.73 c
121.6270 24.0533 9.7400 2.36 c
121.0191 22.9581 14.2600 1.76 c
121.1093 23.0026 4.8500 2.13 c
121.0243 22.9740 6.6900 1.72 c
121.0505 22.9796 4.6400 1.38 c
121.6268 24.2283 15.1700 2.47 c
120.9061 22.8393 9.3500 1.79 c
121.3830 22.0125 34.7200 2.45 c
121.8328 24.4836 21.6500 2.24 c
121.5996 23.2030 26.2500 2.81 c
120.4691 23.6160 10.3200 2.27 c
121.0306 22.9763 11.4700 2.01 c
121.0898 22.8280 16.6300 1.89 c
120.7225 23.0920 6.8700 0.99 c
121.8293 24.5003 23.6900 1.47 c
121.8485 24.5511 4.0300 1.81 c
121.1136 22.9376 5.9500 1.66 c
121.9691 24.3928 22.8500 2.55 c
121.7320 24.3603 24.6800 1.74 c
120.4668 21.6026 34.4000 2.31 c
122.3241 24.8820 9.1700 2.16 c
120.9865 22.4838 17.1800 1.91 c
120.6153 23.5671 6.0700 0.89 c
121.0363 22.9746 7.7200 1.41 c
120.4013 23.2268 7.6600 1.28 c
120.9165 23.3160 5.1600 1.63 c
121.8868 24.8420 100.0900 4.02 c
120.9921 22.4823 15.3500 1.84 c
121.7830 24.2103 26.0400 1.79 c
121.2130 24.1673 9.8100 1.95 c
121.7023 23.8465 35.2400 2.07 c
120.9148 23.0388 5.0500 1.24 c
121.7975 24.4318 14.5400 1.73 c
120.9723 22.4840 19.0800 1.44 c
120.9870 23.7753 24.0100 1.35 c
120.9510 22.5640 9.0800 2.01 c
120.9721 22.6023 8.0700 1.64 c
121.0335 22.9751 7.6600 1.61 c
121.0386 22.9718 11.0500 3.01 c
121.0328 22.9711 7.7500 2.83 c
120.9213 22.5486 6.4000 1.77 c
121.0291 22.9785 10.5900 1.68 c
121.0398 22.9755 7.5300 1.52 c
121.0503 22.9751 9.2000 1.47 c
122.5140 24.8328 2.0200 2.90 c
120.9278 23.2625 15.3900 1.78 c
121.6170 24.0518 9.0000 2.01 c
121.0021 24.3980 7.1800 3.39 c
121.0013 22.4875 15.4400 1.96 c
122.0325 24.8296 11.1200 2.96 c
122.0321 24.8245 11.6900 2.93 c
121.8783 24.9123 3.7500 2.06 c
121.9886 24.8381 14.8400 2.46 c
121.9830 24.8698 14.3900 1.65 c
122.0001 24.8413 15.7700 1.74 c
122.0451 24.8300 11.5600 2.25 c
120.4923 23.2733 9.7200 1.00 c
121.2566 24.2416 1.6900 1.68 c
121.8206 24.5290 7.1400 1.54 c
121.0390 22.9701 5.1400 2.03 c
120.6181 23.3911 8.5200 1.35 c
120.8966 23.2148 3.5500 1.17 c
121.9575 24.2326 54.2300 3.07 c
120.9610 22.5046 10.3500 1.89 c
121.8096 24.5318 10.6900 1.93 c
121.0846 22.8555 18.4900 1.53 c
120.9553 23.3733 6.4100 1.37 c
121.3083 24.5675 10.3600 1.66 c
121.5205 23.8296 15.8900 1.72 c
121.5308 23.8086 18.6200 2.66 c
121.2471 24.7153 9.9500 2.14 c
121.3726 22.1590 17.0600 2.04 c
121.6346 23.9795 30.3900 2.18 c
121.8995 24.3371 12.8600 2.51 c
121.0270 22.9735 5.7700 1.39 c
122.8910 24.5663 98.0000 3.16 c
121.5030 23.4880 37.2000 2.08 c
121.7270 24.0661 21.2900 1.97 c
121.4903 22.8313 27.5500 2.20 c
120.3801 22.4450 35.0500 2.20 c
121.0100 23.0368 7.2000 1.73 c
121.0206 23.0366 3.0500 1.28 c
122.2291 24.2208 27.2800 3.57 c
121.1250 24.2451 10.0800 1.99 c
120.9136 23.0521 7.9700 1.46 c
120.9223 23.0773 11.2700 1.00 c
122.4081 24.8173 16.8600 2.83 c
120.9670 21.9583 18.4000 2.31 c
120.9718 22.5783 10.3900 2.25 c
121.5956 23.1055 26.0500 2.27 c
121.6780 24.6668 11.7700 1.56 c
121.6888 24.4138 31.7300 1.83 c
121.0128 22.8655 10.7500 1.58 c
122.2843 24.8730 116.0300 3.11 c
120.5698 23.6375 10.2100 2.29 c
121.6351 23.9465 42.7900 2.73 c
121.5771 22.7330 18.8500 2.43 c
122.0925 24.8640 94.5600 2.58 c
121.1160 24.4891 4.8600 1.96 c
120.8315 22.9356 7.3200 2.19 c
121.1281 24.2420 10.9800 2.34 c
121.9273 24.4308 39.4800 3.18 c
121.8295 24.5003 11.9500 2.13 c
120.9035 22.9718 13.8600 2.02 c
121.8025 24.5081 16.7200 1.63 c
120.7085 23.5573 8.3900 1.73 c
120.9901 22.5650 9.3400 2.35 c
121.3183 23.5880 13.6200 1.62 c
121.4645 23.9418 22.6600 2.94 c
120.8420 22.7070 15.8800 1.95 c
121.4308 24.0340 8.0400 1.45 c
121.3280 22.6376 21.9700 2.76 c
120.9143 23.0593 12.3100 1.24 c
120.7468 22.3581 11.3500 1.33 c
120.5440 23.0985 8.6600 1.46 c
121.5630 24.0348 3.5600 1.76 c
121.6183 24.0491 9.8000 1.71 c
121.6215 24.0495 8.9500 1.72 c
121.8761 24.4635 16.0900 2.35 c
120.5026 23.2251 7.6000 0.82 c
121.8231 24.4763 15.5200 1.84 c
120.4791 23.4916 8.0100 1.45 c
120.9991 22.8800 8.1600 1.22 c
121.4201 23.0726 25.5400 2.34 c
122.0121 22.9203 33.9100 4.22 c
121.8830 24.4863 16.5800 1.40 c
121.0353 23.8628 26.9200 1.99 c
120.4953 23.2300 5.3700 0.83 c
121.7476 24.3345 11.5800 1.84 c
121.3548 24.6166 9.1900 2.13 c
121.0495 24.1676 9.4400 1.84 c
121.3636 23.1793 30.6100 2.30 c
122.3231 23.9641 40.6700 3.67 c
121.5175 23.2155 43.1000 2.45 c
121.9261 24.4245 14.2700 2.29 c
120.9575 23.2061 7.3300 1.24 c
121.3733 23.1871 19.2200 2.42 c
121.8063 24.3181 14.8900 1.69 c
120.7583 23.9021 25.5400 1.92 c
120.5506 21.7973 40.0000 2.18 c
120.5855 22.7058 19.9300 2.36 c
121.7915 24.9631 133.6000 3.05 c
121.3240 24.5928 4.1900 1.90 c
121.4248 24.5983 4.6100 1.27 c
121.3626 23.1875 17.5100 2.72 c
121.3265 23.1781 17.4900 1.99 c
121.5113 23.5248 22.4000 2.38 c
121.5105 22.7825 30.6600 2.72 c
120.8968 23.0948 7.2700 1.44 c
121.3541 23.1600 17.7400 2.18 c
120.5075 23.5923 10.9500 1.45 c
120.3451 23.2626 21.5400 1.74 c
120.8881 23.0846 6.8800 1.47 c
121.6858 24.2846 12.1200 2.14 c
120.6711 23.5900 10.2700 1.24 c
120.8518 24.2643 8.5600 2.31 c
120.9171 23.4406 6.8800 1.78 c
121.4920 24.5993 10.0800 2.44 c
121.0285 22.9650 10.6000 1.87 c
121.7383 24.4600 5.0200 2.00 c
121.6000 24.0421 6.9300 1.89 c
121.5898 24.0401 7.5200 1.63 c
120.4770 23.4725 12.3800 1.65 c
120.4783 23.4753 12.6600 1.44 c
121.6301 24.0595 10.9000 2.07 c
120.8760 23.0688 7.1800 1.39 c
121.5420 23.2133 39.1300 2.38 c
121.0325 23.1001 5.2000 1.52 c
120.8821 23.0766 5.1900 1.30 c
121.9760 24.5495 68.4300 1.87 c
121.3540 24.1123 61.2300 2.43 c
121.8680 24.4780 11.4800 2.31 c
120.7476 23.6746 2.4400 0.97 c
121.0276 24.6048 8.3900 1.34 c
121.9455 24.4488 14.0900 1.60 c
121.9846 24.3911 17.4600 2.51 c
121.3356 22.3670 32.2000 2.08 c
121.5903 23.5695 40.4000 2.22 c
121.6168 24.0451 9.4500 2.16 c
121.5963 24.0496 9.5400 1.45 c
121.5490 24.0331 2.1000 1.54 c
121.3541 23.1815 18.1000 1.92 c
121.1666 24.0523 9.9600 2.21 c
121.0385 21.7723 16.4200 2.51 c
121.0203 21.8145 21.7200 2.49 c
121.3846 23.1836 36.8300 2.60 c
121.3816 23.1930 39.1800 3.91 c
121.7753 24.4531 8.6100 2.47 c
120.8816 23.0786 6.5800 1.83 c
120.8820 23.0871 7.0200 2.17 c
121.4056 22.2358 16.9300 2.45 c
121.5960 24.1570 19.2800 2.52 c
121.4008 23.7410 18.7200 2.15 c
122.2876 24.8815 14.7500 3.14 c
121.6185 24.0520 10.3100 2.63 c
121.6225 24.0683 11.9500 2.84 c
121.6078 24.0423 8.4500 1.73 c
121.6173 24.0523 10.8600 2.49 c
121.5581 24.0306 3.1100 2.75 c
121.6171 24.0445 9.5000 1.90 c
122.6475 24.6928 1.9000 2.83 c
122.6626 24.7228 23.2200 2.76 c
120.9221 23.4425 12.8800 1.74 c
121.3410 24.6145 10.2800 1.86 c
121.6210 24.0590 10.6100 2.41 c
121.5925 24.0481 7.8600 2.32 c
121.6303 24.0425 9.1800 3.09 c
120.9010 23.2136 6.0300 1.78 c
121.6133 24.0505 10.3300 2.27 c
120.2278 23.0078 13.5100 2.28 c
121.5838 24.0305 5.8500 1.57 c
120.6375 21.6706 68.7900 2.71 c
120.7696 23.1845 7.9800 2.13 c
121.6946 24.7353 11.9800 1.24 c
121.3423 22.3923 23.1500 2.19 c
121.3480 22.3853 12.2100 2.38 c
121.3343 22.3765 25.3800 2.09 c
120.9120 23.4458 6.9300 2.38 c
120.6533 23.5651 12.7000 1.61 c
121.5743 23.7561 27.9200 2.86 c
120.6545 23.5753 13.2800 1.53 c
122.2331 24.2600 37.0200 2.61 c
121.1643 23.0581 11.3800 2.00 c
120.8451 23.5328 5.3200 1.71 c
121.3443 22.3665 22.4700 2.12 c
122.5746 24.6113 80.9600 2.51 c
120.9630 23.1783 7.5500 1.77 c
120.9488 23.1920 3.6700 1.53 c
121.5596 23.9031 23.4700 1.64 c
121.5866 24.2021 15.2300 1.57 c
121.6211 24.0400 9.7100 2.19 c
121.3520 23.4560 30.0300 1.55 c
121.6698 24.0328 46.5000 2.59 c
121.4666 23.2155 28.3100 1.97 c
120.9075 23.4326 6.4300 1.07 c
120.6743 23.4066 7.7700 1.76 c
121.6391 24.0680 9.3400 2.35 c
121.5993 24.0540 9.1100 1.85 c
121.5085 22.9746 15.2000 2.24 c
120.3460 23.2631 10.3700 1.70 c
121.8113 24.4963 15.7100 1.85 c
121.3165 22.3458 9.8200 2.63 c
121.3213 22.3685 13.3000 2.02 c
121.3115 22.3530 10.2300 2.29 c
121.9906 23.3706 55.6600 2.61 c
121.8478 24.6346 8.7900 1.47 c
120.6716 23.2691 7.6400 1.88 c
120.6660 23.2733 8.6300 1.48 c
122.0108 24.2495 49.3400 2.69 c
121.3465 23.1845 22.0700 2.00 c
121.3285 22.4100 10.4300 2.23 c
120.9123 23.4375 9.6800 1.52 c
121.4888 23.7983 33.9200 2.28 c
121.7725 24.2186 14.4400 3.35 c
121.4693 22.9771 19.5000 3.09 c
121.7763 24.2165 12.8100 2.46 c
120.9483 22.7128 17.4600 2.12 c
120.7296 23.5130 10.1300 1.60 c
121.0246 22.3768 11.0200 1.97 c
121.8281 24.4883 11.8500 2.19 c
121.7788 24.2193 13.8800 3.51 c
120.6015 22.4091 21.5400 2.03 c
120.9201 24.3678 12.6100 1.83 c
120.9276 22.9978 7.4200 1.86 c
123.7656 23.3295 87.9600 6.63 c
121.0406 22.9763 6.9300 2.24 c
121.7078 24.2271 6.9800 1.84 c
121.8386 24.4710 10.6300 2.20 c
122.1000 24.9260 11.3600 1.97 c
121.0621 22.1465 31.2600 3.56 c
120.4216 23.7068 21.3800 2.05 c
120.6581 23.4168 9.5200 0.70 c
121.7036 24.0693 29.6600 2.27 c
121.2930 23.6603 82.7100 2.42 c
122.2593 24.3228 30.0800 2.66 c
120.7206 23.0876 6.3100 1.37 c
121.6403 24.0745 8.0900 1.71 c
122.7726 24.5788 112.5700 3.20 c
121.7845 24.3146 15.9000 1.89 c
121.7013 24.2825 13.1400 1.73 c
121.2950 22.3605 1.2200 1.98 c
121.0526 24.5946 12.1000 1.53 c
121.8751 24.5240 16.6900 2.24 c
121.8941 24.1953 22.6300 1.91 c
120.9683 22.5278 11.9100 1.70 c
121.6445 22.8968 8.8600 2.42 c
121.5160 23.8181 30.3600 1.47 c
122.1493 24.2001 51.0800 2.22 c
121.9708 24.8196 6.4200 1.88 c
121.6053 23.7585 36.2700 2.75 c
122.0636 24.4738 11.4700 2.18 c
121.8036 24.4173 12.8000 2.15 c
121.7871 24.4385 13.2300 2.07 c
122.4580 25.0106 20.3400 2.16 c
120.6578 23.5686 12.3700 1.56 c
121.8708 24.4125 16.4200 1.78 c
121.9508 24.8278 8.3100 1.64 c
121.9521 24.8278 6.8100 1.76 c
121.0268 23.8510 26.5400 2.04 c
120.9476 23.3075 11.1100 1.40 c
120.8438 23.4305 9.9900 1.34 c
120.9840 22.3506 13.0700 2.27 c
120.9958 22.3500 12.3300 2.85 c
120.9015 23.1970 7.6900 1.45 c
121.7751 24.5435 15.7600 1.64 c
121.9140 24.4625 11.0000 1.64 c
121.6558 23.8253 45.0400 4.72 c
120.8925 22.7941 1.7500 1.71 c
121.8775 23.6601 17.7800 2.72 c
120.6660 23.6326 9.5500 1.36 c
121.8531 24.4930 13.0600 1.60 c
121.6175 24.0301 43.3100 2.71 c
122.2086 23.9300 20.7400 2.77 c
121.3721 23.1961 21.3200 2.20 c
120.5991 23.6863 9.7400 2.11 c
121.3896 22.2268 21.5100 2.17 c
121.8303 24.5028 14.7800 1.43 c
121.8616 24.4838 18.6600 2.12 c
122.1496 24.7705 84.3400 2.77 c
121.3825 23.1596 22.8900 1.70 c
119.5885 23.1773 4.1200 1.89 c
121.2433 22.6418 26.1400 1.96 c
120.8555 22.1396 11.6000 1.69 c
120.7756 23.5850 14.8500 1.60 c
121.3166 22.1608 9.0000 2.10 c
121.9536 24.3715 33.1500 2.12 c
120.5508 23.0600 12.6200 1.36 c
120.5428 23.0906 9.6700 0.92 c
121.7758 24.2721 22.5100 1.91 c
121.7938 24.5230 9.0300 1.37 c
121.7781 24.5301 8.5200 1.08 c
121.9711 24.8728 87.5800 2.23 c
121.7840 24.5333 6.8200 1.29 c
120.4975 23.4073 6.9100 1.81 c
120.7155 23.7965 23.9300 2.54 c
120.4973 23.4191 7.8700 1.16 c
120.4491 23.2300 10.5900 0.75 c
121.4551 23.3768 32.2500 1.99 c
120.4413 23.1790 7.5700 1.06 c
122.4070 24.6225 103.8700 2.59 c
121.8030 24.4371 11.7900 1.22 c
121.7658 24.2270 15.6200 1.78 c
121.1256 22.8630 15.9100 1.85 c
120.8493 23.8755 30.4400 2.17 c
120.9173 23.4550 5.8300 1.81 c
120.9170 23.4496 5.6900 1.44 c
121.6781 24.6625 33.7100 1.97 c
121.6441 24.0780 7.7100 1.19 c
120.9115 23.4451 7.5200 2.13 c
121.0438 23.0361 8.0400 1.64 c
121.8103 24.2446 26.9300 2.02 c
121.0395 21.4503 37.3600 2.62 c
121.7986 24.4625 11.6200 2.12 c
120.9263 23.4636 12.2200 1.75 c
121.0448 22.9745 4.6000 1.68 c
121.7885 24.4583 17.6200 1.57 c
121.4840 24.5315 6.2900 1.69 c
121.8875 24.5108 11.8700 1.73 c
121.6845 24.2948 13.4900 1.77 c
120.3450 23.4133 14.4700 1.93 c
121.2070 20.9393 65.8300 5.44 c
121.0123 24.4695 4.8200 1.81 c
120.9350 24.2400 31.6000 3.00 c
121.3586 22.9415 21.1800 2.05 c
120.8281 23.6071 7.6600 1.40 c
122.0703 24.8965 11.7500 1.61 c
121.5691 24.1168 19.3600 2.05 c
121.7806 24.4596 11.5200 2.11 c
121.9350 24.6150 12.1500 1.43 c
121.8306 24.4956 17.0200 1.69 c
122.0380 24.4570 44.7900 2.72 c
121.8056 24.4165 11.9700 2.16 c
120.9168 22.8680 8.2900 1.68 c
121.2680 24.2590 7.9000 1.88 c
120.9010 22.8303 6.1100 1.43 c
121.8221 24.4636 7.9300 1.29 c
121.5736 24.1730 20.0800 3.87 c
121.0330 22.3706 24.7000 2.34 c
121.5696 24.1693 19.5700 2.75 c
120.6338 22.6400 21.2600 1.59 c
120.6055 22.6565 25.9300 1.80 c
120.8495 24.3993 9.7800 1.88 c
120.8623 23.6543 23.0500 1.73 c
121.0646 22.8095 12.0900 1.35 c
120.9133 22.1603 10.4500 1.70 c
121.2973 23.4653 12.6500 1.71 c
121.3498 24.6136 10.8600 1.52 c
121.8873 24.4653 15.4300 1.35 c
120.9138 22.1618 12.2500 1.76 c
121.8321 24.2626 10.5000 2.04 c
121.8433 24.3156 10.4900 1.34 c
121.5483 24.1620 16.9200 1.57 c
121.3360 22.5913 31.7400 2.38 c
121.7091 23.9286 18.7600 1.93 c
122.3988 24.0958 54.2000 3.32 c
121.8525 24.4268 15.4000 2.32 c
121.3603 23.1593 18.3700 2.61 c
121.3426 23.1630 15.9700 1.70 c
121.9673 24.3191 54.8900 2.69 c
120.9421 21.0515 82.1800 3.86 c
121.6305 24.0723 11.6300 1.72 c
121.5691 23.2598 38.0000 2.64 c
121.5355 23.2443 41.3100 2.46 c
120.8841 23.8231 15.5500 1.37 c
121.3070 21.1045 65.1500 3.45 c
121.9020 24.3093 26.9100 1.88 c
120.9075 23.4500 4.6400 1.59 c
121.8595 24.8308 86.1700 2.49 c
121.2675 23.7126 21.3200 1.99 c
121.9901 24.8395 9.6000 1.67 c
121.8606 24.4813 12.1700 1.57 c
121.2835 23.4711 5.9700 1.17 c
121.3148 22.1688 26.5400 2.32 c
122.0846 24.8191 7.2600 2.65 c
122.0528 24.8525 9.1600 2.15 c
122.0363 24.8306 12.2400 2.76 c
121.5316 23.7440 30.1700 1.80 c
121.3198 23.1645 38.8100 2.55 c
120.4000 21.9938 41.5500 2.74 c
121.6100 22.6163 32.6600 2.62 c
121.8345 24.6548 64.7400 3.07 c
121.9298 24.4830 11.8200 1.67 c
120.4766 22.0165 46.5100 3.21 c
120.9250 23.4650 12.0100 2.09 c
121.6075 23.8836 28.3500 2.64 c
121.8220 24.4905 16.4900 2.09 c
121.3988 23.1778 29.2500 2.35 c
120.6180 22.4313 18.5300 2.02 c
121.7788 24.3330 6.3800 2.58 c
121.7775 24.3455 6.7500 1.45 c
121.7521 21.3145 139.5200 3.36 c
120.3480 23.4111 9.4100 1.62 c
120.3566 23.4628 9.7100 1.73 c
121.8478 24.4786 22.3400 1.50 c
121.0205 22.4451 9.4900 1.21 c
121.8148 24.5175 20.1600 1.62 c
120.7333 23.4791 9.3100 1.27 c
121.3496 23.9725 7.3600 1.27 c
122.0843 24.4051 18.1500 2.08 c
120.5206 21.8025 45.8800 2.78 c
121.2440 22.2380 39.9200 3.76 c
121.6303 24.5245 44.3100 2.93 c
120.6950 23.4758 7.3700 1.79 c
120.6241 22.3811 19.2100 1.79 c
121.6718 24.1380 13.6100 1.83 c
121.6795 24.3871 6.3300 1.35 c
121.3741 23.2998 46.9800 1.97 c
121.8093 24.4910 11.1400 0.98 c
121.3120 22.6470 25.8000 2.57 c
121.1288 24.2306 11.4900 3.40 c
121.1130 24.2315 12.4400 1.57 c
121.6340 22.3460 21.3800 2.54 c
121.6105 23.5846 42.5700 3.08 c
122.2548 25.0711 5.6300 2.05 c
121.5533 23.8850 22.0200 2.09 c
121.0590 22.0085 27.2400 2.43 c
121.5651 23.8260 23.5900 2.53 c
121.7396 24.2215 10.4000 2.27 c
120.9858 24.3251 8.6300 1.78 c
122.2470 24.0991 21.8100 3.55 c
121.8898 24.4461 16.2300 2.51 c
121.7251 24.5758 70.8800 2.16 c
121.5321 22.6371 19.9600 2.18 c
120.9238 24.1156 15.5400 1.90 c
121.8650 24.4848 11.3800 1.50 c
121.5601 23.9301 11.0800 1.97 c
121.5728 23.9351 13.8700 2.03 c
121.5511 23.9378 13.5200 1.68 c
121.1360 23.0043 14.4600 1.68 c
121.1290 23.0010 17.7300 2.02 c
121.0950 23.0045 17.2600 1.93 c
120.9880 23.8776 19.6800 1.43 c
121.5733 23.9321 13.1300 1.75 c
122.9443 24.5735 101.9100 4.42 c
121.7213 24.1356 57.5400 3.58 c
121.6953 24.2403 30.4600 3.69 c
121.6973 24.2528 26.3800 2.01 c
121.3680 23.1988 20.0500 2.10 c
121.7181 24.6275 14.2400 1.25 c
121.3685 23.1671 19.0000 1.56 c
121.8688 24.5020 10.7700 2.34 c
121.6690 24.2456 29.0300 1.87 c
121.5815 23.7070 34.1300 2.49 c
121.8300 24.6023 19.7500 1.24 c
121.3373 23.2235 20.0100 1.54 c
120.9510 24.0775 15.3600 1.77 c
121.6925 24.6885 25.7100 1.36 c
121.3143 23.2426 24.3600 1.61 c
121.6866 22.8815 3.9600 2.38 c
121.7770 24.3861 24.6500 1.65 c
120.3816 22.1520 51.7800 2.25 c
120.6005 23.4146 6.7900 1.70 c
122.2235 24.2785 18.2500 2.51 c
121.4093 23.7096 17.3500 2.77 c
121.3596 23.2320 17.8800 1.82 c
121.3615 23.2316 17.6100 2.25 c
121.3163 22.7500 20.1500 2.05 c
121.3608 23.2303 18.1200 1.65 c
121.3651 23.2321 17.8300 1.71 c
121.3363 23.2183 22.5600 1.45 c
121.3748 23.2240 18.8600 2.21 c
121.3745 23.2266 19.0600 1.74 c
121.3503 24.6121 8.5500 1.71 c
122.1638 23.5058 43.2500 2.49 c
121.7718 24.4416 11.5000 1.85 c
121.3511 23.0711 20.3300 2.72 c
121.3633 23.2280 18.9500 1.51 c
121.3711 23.2365 18.2600 2.06 c
121.3925 23.2073 18.6900 1.47 c
120.7943 23.6111 8.5300 2.24 c
121.0771 23.8971 18.3900 5.23 c
121.0651 23.9238 23.5100 2.50 c
121.0626 23.9051 25.0900 2.47 c
121.0921 23.9198 21.3600 1.96 c
121.0805 23.8956 16.1000 1.75 c
121.3321 23.2108 21.5700 2.17 c
122.7971 24.2236 58.1200 3.73 c
121.7993 24.2576 11.4000 1.93 c
121.7095 23.8760 16.7100 2.54 c
121.7801 24.5476 63.3000 2.65 c
121.6273 24.0100 38.7000 3.03 c
121.9378 23.5798 32.9800 2.40 c
121.3590 24.5885 5.5500 1.49 c
121.5021 22.6636 11.5100 2.51 c
120.2990 23.2971 14.1700 1.65 c
121.3696 23.2253 18.9400 1.92 c
121.2773 22.1721 22.9700 2.47 c
121.6708 24.6128 11.8500 1.33 c
121.3646 23.2290 18.4700 1.87 c
121.3393 23.1415 15.7700 1.93 c
121.6826 24.6848 76.3100 2.53 c
121.2570 24.2673 8.4700 2.12 c
121.8743 24.5045 10.6600 1.55 c
121.8663 24.5046 9.8000 2.13 c
121.0778 23.8843 18.8900 1.70 c
121.6651 23.7518 45.3600 2.37 c
121.9661 24.7515 86.4900 2.33 c
122.0291 24.6693 51.3000 2.44 c
120.9131 23.4605 6.5800 0.47 c
121.6598 24.0311 40.3400 2.29 c
120.5738 23.2283 14.9900 1.34 c
120.7295 22.7636 18.6400 1.50 c
121.0125 23.9246 8.7600 1.53 c
120.4598 23.2140 8.2200 1.20 c
122.4211 24.5696 2.3500 2.83 c
121.5955 23.7300 43.9500 2.28 c
120.9393 24.0955 24.2700 1.70 c
121.8636 24.4793 10.2300 0.99 c
121.8575 24.4785 12.2900 2.25 c
121.8660 24.4830 8.7100 1.20 c
120.8826 22.7253 10.5300 1.41 c
121.8551 24.3893 13.4100 1.72 c
121.8066 24.4241 11.2700 2.28 c
120.9466 23.0540 12.0100 1.84 c
120.8573 22.8200 6.2600 2.40 c
120.8526 22.8215 8.7800 2.08 c
122.3043 24.5790 85.6500 2.69 c
120.5060 23.2496 8.0000 0.94 c
120.5028 23.2471 8.4800 0.60 c
120.8340 22.6656 9.9400 1.73 c
120.8020 22.6000 9.5000 1.50 c
120.8428 22.8316 9.0000 1.58 c
121.3888 22.2633 2.9000 2.38 c
120.5921 22.4420 21.6300 1.78 c
121.1233 24.2946 10.3600 1.41 c
120.8676 23.5865 9.2700 0.89 c
120.4938 23.2710 14.2200 1.61 c
121.5621 23.7701 28.5600 2.40 c
121.6503 21.7988 7.3500 3.12 c
120.5041 23.3358 11.3300 1.35 c
121.6870 24.2873 10.8200 1.68 c
121.3511 23.1396 24.0600 1.46 c
120.4256 23.2151 5.1300 1.09 c
121.6948 24.2813 5.1800 1.72 c
121.6358 24.0588 9.0600 2.13 c
120.4128 23.2550 8.7300 1.44 c
121.6841 24.5518 32.0600 2.25 c
120.6080 23.3325 10.7900 0.93 c
120.6015 23.3268 9.0600 0.74 c
120.6028 23.3261 8.6700 0.96 c
121.9618 24.8463 11.4000 1.97 c
120.1243 23.3266 13.9000 2.44 c
121.4318 22.9331 23.5500 2.47 c
121.6715 24.0395 28.5800 1.77 c
120.4010 22.7026 30.5100 1.85 c
122.0121 23.4468 63.0600 2.66 c
120.9761 23.7656 14.2900 1.61 c
121.7655 24.4803 18.1200 1.50 c
121.2911 22.3398 76.0300 2.38 c
122.0375 24.8145 79.3000 2.79 c
121.5200 23.3736 46.3700 2.22 c
120.9076 23.4436 6.9800 0.86 c
121.0083 22.9398 25.2700 1.63 c
122.3188 25.2165 271.1900 3.64 c
120.7051 22.9470 18.0400 1.37 c
121.9145 24.4343 15.6900 2.09 c
122.2978 24.7750 15.3300 2.64 c
121.8888 24.5856 62.3500 2.45 c
120.7056 22.7993 20.8800 1.23 c
121.3130 24.5526 12.3900 1.55 c
120.9200 22.5695 13.3400 2.09 c
120.7016 22.8408 19.3600 1.24 c
121.7783 24.4720 21.6900 1.35 c
120.6645 23.5993 10.5800 0.76 c
120.7603 22.8371 5.1200 1.82 c
121.0348 22.9795 7.6900 1.77 c
121.8393 24.4971 10.0900 1.43 c
121.7740 24.3325 8.6400 2.40 c
120.8345 22.1786 9.6400 1.73 c
121.7715 24.3505 4.5700 1.05 c
121.3521 22.2815 20.1100 2.26 c
121.7488 24.4785 18.5000 1.94 c
121.7718 24.4821 18.7000 1.34 c
121.7825 24.4475 23.7900 2.54 c
121.7733 24.4756 19.4500 1.48 c
121.7800 24.4768 19.9700 1.20 c
121.5035 23.5850 29.1800 1.75 c
121.8638 24.4358 14.3900 1.94 c
121.6476 23.9276 51.7400 2.33 c
121.9311 24.8301 8.7800 1.70 c
121.8000 24.4276 11.6000 2.11 c
120.6561 22.6313 26.7200 1.46 c
120.5426 23.3610 13.4000 2.08 c
120.5421 23.3558 15.5500 1.42 c
120.5595 23.3563 16.7100 1.10 c
121.8251 24.5663 7.1000 1.38 c
120.5490 23.1796 10.0800 1.15 c
120.5456 23.3573 16.2600 0.94 c
121.8331 24.4885 18.0000 1.85 c
120.4946 23.2113 8.2300 0.86 c
121.3063 23.1215 20.2300 2.88 c
121.7970 24.4201 12.3100 1.87 c
121.8973 24.3568 27.1900 1.84 c
121.3435 23.2571 12.3000 1.79 c
121.5605 24.1816 24.2900 2.82 c
121.9251 24.8341 11.5200 1.30 c
121.9301 24.8283 10.5500 2.48 c
120.4471 23.5210 8.3800 1.57 c
121.8033 24.6701 8.3600 1.72 c
121.5798 23.7921 27.4100 2.60 c
121.3058 24.5566 5.8800 1.51 c
120.5816 22.8606 13.2900 1.71 c
121.2903 22.9940 32.8500 2.12 c
121.9673 24.8140 14.9500 1.65 c
121.7581 23.8976 52.4600 2.17 c
121.0871 22.7603 22.1200 2.49 c
121.4661 23.8210 39.7200 2.25 c
121.3323 22.1841 10.0000 2.11 c
120.7136 23.1900 5.8200 1.53 c
121.3153 23.0668 19.5800 1.89 c
122.0653 24.8690 8.3800 2.10 c
121.8991 24.7601 66.5100 2.83 c
121.0558 24.6606 10.5400 2.29 c
121.0840 23.9076 19.5000 1.95 c
120.5915 22.8156 19.0100 1.84 c
121.2473 22.9956 26.7700 1.68 c
120.4385 22.0065 57.7500 2.65 c
120.9373 22.4513 17.9300 1.23 c
122.2835 24.9123 10.8500 2.27 c
121.6873 24.5811 65.4100 1.94 c
120.8905 24.3626 11.5000 1.90 c
120.4355 22.3848 26.6600 2.85 c
120.9095 24.3705 5.5100 1.51 c
120.6421 23.2183 7.0400 1.76 c
120.5925 22.4336 21.3500 1.67 c
120.8531 22.2526 15.8700 1.41 c
120.6553 23.2036 5.3100 0.98 c
120.9288 23.0103 7.5400 2.46 c
120.9231 23.0036 8.4100 1.71 c
121.5490 24.1556 20.3400 1.66 c
121.7580 24.2295 13.0200 2.11 c
120.8758 22.4321 6.3400 1.45 c
121.7290 24.3415 13.3600 2.01 c
121.4046 22.2683 23.4300 2.65 c
121.7680 24.3343 6.6100 2.54 c
120.6211 23.7983 23.4000 2.03 c
121.9018 24.2935 23.8900 2.91 c
121.8200 24.7133 63.9400 2.26 c
121.9128 24.2923 24.8600 2.09 c
121.7378 24.6460 10.0400 1.35 c
121.9156 24.2893 25.1400 2.33 c
120.6898 23.5573 8.6000 2.33 c
121.5976 23.9718 44.4600 3.87 c
121.5841 23.5581 29.0500 2.62 c
121.7586 24.2315 12.4200 1.94 c
121.9618 24.3981 14.8500 1.78 c
120.4683 23.4925 11.1800 1.43 c
120.9708 24.0666 26.3200 3.60 c
121.2178 21.1728 61.7100 3.40 c
121.5921 23.7478 50.2700 2.58 c
121.8971 22.4881 35.2900 4.05 c
121.4273 23.2003 26.4600 2.59 c
120.9240 23.0028 6.4400 1.95 c
121.3790 22.8856 36.2600 2.43 c
121.8706 24.4890 15.3400 2.03 c
121.9413 24.6935 7.7300 1.70 c
121.5945 24.0740 45.5200 3.00 c
122.4920 23.5861 31.1900 3.00 c
121.7013 24.8341 81.1300 3.27 c
121.9491 24.8375 4.6900 1.91 c
121.8230 24.4940 17.6900 1.72 c
121.7710 24.2763 53.5700 2.70 c
121.2900 23.1190 13.2900 1.48 c
121.3363 23.1293 16.2600 1.95 c
121.3265 23.1260 15.0600 1.64 c
121.2943 23.1343 13.1300 1.61 c
121.6031 23.7031 21.7300 2.23 c
121.2508 22.9386 19.8400 1.63 c
121.3078 23.1443 9.6300 1.50 c
120.8991 23.4513 1.4500 0.93 c
121.2426 23.1913 23.8400 2.06 c
121.3378 23.1208 16.9700 2.17 c
121.3391 23.1185 17.2600 2.80 c
121.2895 23.1600 28.7400 1.79 c
121.3285 23.1711 18.4700 1.72 c
121.7195 24.3463 4.8100 1.71 c
121.8760 24.4750 13.2700 1.99 c
120.6470 23.4015 7.2200 1.00 c
121.5733 24.1888 16.7700 2.09 c
121.3351 23.1231 15.9400 2.45 c
121.5360 23.8770 30.0400 2.05 c
121.9096 24.3028 21.4100 2.51 c
120.4756 23.4301 11.8400 1.68 c
121.3123 23.1116 15.9200 2.22 c
121.3490 22.8785 23.9600 2.04 c
121.3305 23.1265 15.8600 2.12 c
121.9141 24.3138 22.6300 2.20 c
121.0760 22.7573 15.8800 2.12 c
120.6923 23.0668 4.5200 1.28 c
120.8170 23.4940 18.0100 1.42 c
121.3223 23.1228 14.7300 1.75 c
120.8333 23.6118 8.7600 1.61 c
121.5136 24.4536 9.1300 1.42 c
121.9523 24.8390 9.3800 2.43 c
121.3601 24.6028 8.3700 1.53 c
120.9485 24.0918 19.9900 1.46 c
121.4206 22.2516 36.0400 2.50 c
121.5698 23.2511 41.0600 2.52 c
121.6638 24.2033 28.9500 1.89 c
121.3440 23.1863 22.8700 1.72 c
120.5611 23.2735 7.8800 0.82 c
121.6198 24.1061 8.4000 1.40 c
121.1978 23.1700 13.5900 1.28 c
121.2020 23.1708 9.6400 1.81 c
120.6120 23.1731 1.0300 0.74 c
121.1590 23.2295 15.1800 1.23 c
121.5243 23.5916 21.0600 2.16 c
121.6590 24.6568 8.3800 1.72 c
121.0326 24.3661 9.7800 1.94 c
122.2796 24.1266 23.3800 4.53 c
122.2730 24.1266 22.9700 3.49 c
120.7048 22.6898 21.7100 1.58 c
121.6716 23.9800 36.4300 1.96 c
121.8611 24.4630 16.4400 2.40 c
122.2351 24.1386 23.6800 3.05 c
121.3448 23.1750 23.4500 1.45 c
121.1330 24.2195 12.1800 2.45 c
121.5616 23.1670 47.5300 2.45 c
120.7073 23.2925 9.1900 1.00 c
122.2855 24.2130 26.8800 2.81 c
121.1215 24.2343 11.2900 1.83 c
122.2725 24.2356 22.3400 2.39 c
121.1956 23.1771 13.7400 1.34 c
121.5826 23.8173 31.7600 2.21 c
121.5473 23.8798 38.3600 2.23 c
121.2016 23.1650 6.8600 1.63 c
121.0471 24.2440 11.5900 1.83 c
121.8246 24.4596 7.8300 2.51 c
121.5436 23.5798 31.6100 2.51 c
121.6821 24.2120 17.5800 2.17 c
121.2016 23.1728 8.4000 2.20 c
121.4423 23.8465 18.0800 2.38 c
121.2508 22.9505 21.4300 1.30 c
120.9098 22.4425 7.0800 2.10 c
120.5825 23.0495 9.5900 1.66 c
120.6571 23.2248 11.5000 1.22 c
121.9623 24.5348 15.4500 1.24 c
122.0658 24.8595 6.6500 2.05 c
120.5976 23.0341 19.0800 1.95 c
121.8445 24.4436 4.0500 1.55 c
120.9880 22.4550 12.8800 1.74 c
121.7563 24.4678 22.6700 1.80 c
122.0305 24.8930 112.5100 2.79 c
121.6715 22.0415 15.9400 2.41 c
121.6820 23.6865 47.8600 2.98 c
120.5775 22.4278 21.0300 1.75 c
121.8923 24.4211 14.9100 1.64 c
121.5821 23.8308 40.4300 2.24 c
120.5046 23.1435 15.0500 1.63 c
121.0861 24.4378 7.7100 2.11 c
121.8518 24.7036 75.4000 2.19 c
122.9178 23.0408 93.6700 3.35 c
120.9805 23.1868 4.9300 2.87 c
121.0070 23.1676 9.7700 1.52 c
120.9783 23.1866 6.2200 1.81 c
121.0276 24.1870 7.0000 1.59 c
120.9288 24.2328 31.3000 1.50 c
120.9910 23.1766 6.4800 1.02 c
121.0123 23.2210 7.4800 1.12 c
121.0213 23.9673 6.3700 1.59 c
121.7728 24.4688 22.8700 1.79 c
121.7536 24.4663 24.4500 2.11 c
121.7641 24.4658 22.1600 2.03 c
121.7716 24.2268 61.5300 2.49 c
121.5283 23.7795 28.2900 2.03 c
121.8396 24.2598 9.9000 2.10 c
121.5930 23.7620 33.3600 2.40 c
121.6490 24.6411 44.9000 2.78 c
121.0583 24.3340 9.8800 1.72 c
121.5593 23.2430 42.6400 2.76 c
120.7600 22.8103 6.8100 2.40 c
121.5896 23.7545 37.7400 2.45 c
120.8268 22.1975 10.5700 2.45 c
120.6931 23.1526 4.3100 1.01 c
120.8223 22.1988 10.9000 1.97 c
120.2933 23.0538 16.5100 2.16 c
120.8573 22.8251 5.0600 1.60 c
121.6820 24.0415 14.7900 1.89 c
121.8178 24.5568 7.4200 2.00 c
120.8226 23.1566 9.4800 2.48 c
121.6105 23.9925 5.1900 2.57 c
120.7148 23.5225 10.3800 1.31 c
120.7658 22.8373 5.9600 1.24 c
120.6943 22.8118 16.5800 0.96 c
121.8083 24.4291 11.5800 1.52 c
121.5338 23.8466 23.8700 1.95 c
121.8696 24.8806 10.1400 1.61 c
121.3701 23.1338 19.1900 1.70 c
121.6211 22.7093 36.1800 2.24 c
121.7686 24.5081 65.2400 2.41 c
120.5636 23.0438 8.9400 1.28 c
121.4360 22.2373 21.2700 2.29 c
120.9156 23.0506 4.8700 1.58 c
121.0590 23.0370 7.9400 1.61 c
121.3286 23.3900 30.0700 2.87 c
121.5263 24.8213 10.4900 1.76 c
121.8138 24.5675 6.6100 1.28 c
121.8300 24.4185 10.9800 1.39 c
120.6106 23.5550 3.3100 1.03 c
121.5723 23.2363 44.9400 2.42 c
122.1786 25.0461 153.0400 3.03 c
122.1358 24.3956 62.9200 2.61 c
120.9150 22.4003 8.0600 0.93 c
121.4846 23.9623 13.5300 1.74 c
120.9690 23.7543 12.2100 1.75 c
121.0745 23.0375 2.9200 2.18 c
120.6608 23.1705 7.5700 1.48 c
121.8230 24.1991 9.7200 2.01 c
120.3881 23.1636 13.5700 3.27 c
120.3931 23.1746 11.2600 3.44 c
120.6681 23.1661 7.6100 1.28 c
121.4936 24.4155 9.1000 1.87 c
120.1373 23.3183 14.7400 3.10 c
121.0796 23.0391 3.5600 3.13 c
121.0793 23.0405 3.2700 2.55 c
121.0770 23.0410 3.0900 2.23 c
121.9700 22.9936 7.6300 2.85 c
120.9780 24.5073 12.7000 2.20 c
121.9766 24.3965 30.2500 2.51 c
121.9863 24.4101 31.5900 2.35 c
120.3651 23.1613 19.6300 1.70 c
120.6096 23.5448 11.3000 1.45 c
121.4083 22.4090 28.1900 2.83 c
121.9205 24.8195 9.3800 3.19 c
121.7943 24.3901 11.2600 1.88 c
120.5941 23.0338 8.7200 1.63 c
121.5676 24.1666 18.5400 2.32 c
120.1320 23.0276 15.1800 2.17 c
121.0876 24.4393 7.6900 2.13 c
121.1393 22.9828 18.4400 2.75 c
120.9540 23.3765 4.4900 1.50 c
120.6796 23.1555 12.7400 1.55 c
120.9578 23.3806 4.6400 2.35 c
120.9585 23.3831 4.7100 1.76 c
120.8271 22.7386 8.1100 1.90 c
120.6901 23.1571 11.7100 2.43 c
120.6855 23.1555 13.5300 1.56 c
120.6746 23.1558 13.2300 1.35 c
120.6798 23.1580 13.2000 1.44 c
121.2568 21.1095 66.6800 3.16 c
121.6846 24.6271 9.8700 1.75 c
121.0286 24.0713 28.3300 2.12 c
121.2948 23.6041 13.1400 1.55 c
120.8733 22.8368 5.8800 1.45 c
121.9220 24.6790 63.3500 2.33 c
120.8630 22.8070 3.6300 1.33 c
122.2230 24.1006 27.1400 2.49 c
121.3303 22.6576 27.0100 2.76 c
121.0710 21.6911 40.8600 3.73 c
121.5741 23.8401 39.3200 2.43 c
121.8250 24.5603 5.8100 1.46 c
121.8196 24.5641 6.4300 1.21 c
122.0873 24.4588 70.3800 2.36 c
120.6740 22.8783 14.5200 1.49 c
121.4166 23.7428 19.7200 2.12 c
121.7831 24.3173 65.7100 2.74 c
120.9826 23.7553 14.6700 1.63 c
122.4088 24.0691 36.2400 3.11 c
122.3651 24.0700 32.3200 3.12 c
121.8105 24.5676 3.5700 1.52 c
121.8198 24.5645 5.9000 1.96 c
121.8131 24.2501 15.1100 1.92 c
120.6700 22.5935 19.3300 2.01 c
122.3468 24.0855 39.4900 2.76 c
121.1580 22.8383 26.8800 2.50 c
121.1165 24.2368 12.0600 1.95 c
121.6258 23.6755 39.9400 2.63 c
121.5781 24.6036 48.3100 2.57 c
121.5806 23.6323 30.8300 2.45 c
121.3583 22.1433 28.6500 2.42 c
120.6670 22.8551 17.1400 2.13 c
120.4228 22.0771 51.9300 2.38 c
121.0993 22.1158 31.1900 2.22 c
122.4415 24.7953 125.8300 3.16 c
122.2965 24.9081 18.3300 2.48 c
121.9345 24.8763 14.7600 2.01 c
121.5418 23.2293 37.5300 2.26 c
121.7398 24.4686 21.8800 2.18 c
120.6513 23.2596 8.3600 0.80 c
120.7645 23.7016 15.1100 1.91 c
120.6470 23.1661 9.3500 1.23 c
120.9121 23.2203 10.1600 1.09 c
121.9096 24.8281 10.1500 2.09 c
121.1630 23.7398 11.5700 2.09 c
120.5600 23.2148 5.4200 1.13 c
121.8485 24.4893 11.4600 1.53 c
121.0396 22.7580 14.9700 2.56 c
121.8550 24.4913 11.1300 1.89 c
121.9665 24.4841 61.7500 2.19 c
121.9118 24.5295 12.5600 1.86 c
120.8576 22.8203 5.6200 1.39 c
120.8635 22.8410 4.9100 1.21 c
120.7420 23.5465 15.2700 1.11 c
121.0298 22.9621 7.8100 2.16 c
121.0256 22.9643 8.1900 1.52 c
121.0948 23.8970 14.3800 1.67 c
122.2245 24.6223 66.7500 2.56 c
122.1433 24.8243 103.0900 3.13 c
120.9740 24.0531 13.9800 1.51 c
120.6901 23.1645 9.0000 1.39 c
122.1725 24.8386 5.9400 2.42 c
121.7196 24.3125 17.0600 2.90 c
120.4996 22.1526 31.5800 2.10 c
120.8576 22.1333 14.2700 1.86 c
120.3371 23.2598 21.9700 1.73 c
120.6046 23.0961 12.1100 1.35 c
121.7685 24.2713 6.8500 1.85 c
120.8906 23.5690 9.8100 1.57 c
121.6183 22.7941 13.0600 2.63 c
120.7106 24.1298 22.3400 1.85 c
121.5835 23.7640 32.2200 2.49 c
121.0218 23.0425 4.4800 1.53 c
121.0408 23.0438 4.2100 1.26 c
121.8123 24.3865 2.1700 1.59 c
121.5186 22.8653 13.3800 2.32 c
121.6513 23.8098 41.7200 2.73 c
120.3831 22.0445 39.1700 2.60 c
120.5430 23.3531 13.9100 1.15 c
121.3893 23.7081 21.4300 2.73 c
120.9588 22.4918 12.7100 1.87 c
122.2060 24.8260 112.0000 3.51 c
120.8748 23.6596 12.3800 1.44 c
121.4433 23.8105 43.3100 2.08 c
120.9943 23.8938 12.6100 1.50 c
121.0178 23.0440 6.8200 2.51 c
121.7695 24.4348 25.1100 2.16 c
121.7720 24.4206 25.4700 2.35 c
121.8393 24.3631 24.4300 1.40 c
121.9436 24.4621 30.2800 2.20 c
121.0441 23.0395 1.7700 1.47 c
120.5986 23.2835 14.0300 0.84 c
120.8471 22.6640 9.9600 1.89 c
121.0165 23.0453 6.7400 2.04 c
121.6886 24.4430 29.3600 1.60 c
121.8041 24.4211 12.6800 2.12 c
120.3868 23.2021 11.6200 1.40 c
121.0215 23.2405 7.3200 0.69 c
121.7766 24.4136 27.1900 2.21 c
120.4765 23.3525 12.7300 1.13 c
121.3298 22.7543 93.6100 2.62 c
121.7843 24.4283 25.4000 1.63 c
121.9141 24.4916 16.4400 2.25 c
122.3866 24.1510 46.3300 3.64 c
121.9061 24.4846 15.2100 2.51 c
120.4441 23.5141 9.5000 1.72 c
121.8131 24.5125 16.9500 2.30 c
120.8818 24.2435 11.4400 1.81 c
121.8068 24.6166 60.5800 2.53 c
120.4841 21.9195 32.9000 2.24 c
121.7283 23.4546 30.2900 1.82 c
121.3558 23.7215 18.2100 1.48 c
121.9025 24.4495 12.2900 1.66 c
121.1468 22.6061 23.1000 2.71 c
121.9258 24.3566 33.1800 2.03 c
120.5141 23.2811 7.0300 1.74 c
121.1073 23.9706 2.3800 1.97 c
121.3285 23.1050 22.1900 1.50 c
121.4500 22.9571 12.4400 2.84 c
122.8068 23.9440 52.2500 2.25 c
120.6451 22.5410 6.7500 1.49 c
121.0445 23.0398 4.5500 1.02 c
120.9828 22.9671 11.7700 1.43 c
120.8846 24.3213 7.0000 1.60 c
121.6346 23.6723 39.2100 3.82 c
121.0688 24.1805 17.8800 1.54 c
120.4766 22.3818 26.3000 1.84 c
121.0730 22.9748 2.4400 1.36 c
121.8750 24.3005 20.2800 1.87 c
120.4615 22.3031 21.6800 1.82 c
122.8103 22.7101 86.1400 3.09 c
120.8806 22.2488 13.9400 2.32 c
120.9691 21.9145 20.9500 2.40 c
121.0505 22.9821 1.5000 1.54 c
121.0190 23.0951 3.1700 2.18 c
121.7383 24.4378 27.8000 2.15 c
121.8188 24.4828 17.3500 1.65 c
121.5718 23.6460 30.4500 2.87 c
120.6388 23.4245 12.2300 1.61 c
121.8108 24.5208 16.3800 1.77 c
122.0760 24.8286 8.9800 1.70 c
120.9316 24.4110 17.0200 1.87 c
120.4843 23.2745 7.0800 0.81 c
121.6995 24.2836 11.2900 2.33 c
121.6926 24.2848 11.8400 2.24 c
121.8685 24.4746 21.9300 2.35 c
120.9740 23.3811 10.9400 1.52 c
120.6156 23.5468 8.5600 1.88 c
120.8525 24.1811 13.0100 1.75 c
120.6158 22.1013 35.5600 2.65 c
120.8483 23.9765 22.4600 2.13 c
121.9261 24.4096 26.7700 2.68 c
120.9771 23.3918 11.9800 1.74 c
120.7121 23.5195 10.4600 2.06 c
120.8490 24.1860 13.2100 1.71 c
121.1505 22.6176 23.0300 2.33 c
121.0143 22.6828 12.7100 2.32 c
121.3670 23.1535 20.8200 2.16 c
121.0808 22.0686 29.5200 2.80 c
120.9850 24.3396 14.7200 1.81 c
122.9688 24.0505 35.5700 5.62 c
120.9736 22.6078 15.8700 1.86 c
121.6771 24.0026 37.5100 2.55 c
121.3451 23.9806 2.2500 2.18 c
120.4850 23.4321 12.1000 1.90 c
121.6250 24.2428 16.0200 2.03 c
120.5321 23.2295 6.5700 1.65 c
121.5765 23.1901 41.6200 2.11 c
121.0221 22.7873 8.0100 1.98 c
121.0671 23.2351 2.3100 1.76 c
120.6431 23.5561 11.4600 1.11 c
121.3111 24.5881 1.7600 1.61 c
122.9003 24.2726 36.4900 2.71 c
120.8626 24.3720 14.6700 1.82 c
121.5948 23.8236 43.0900 2.12 c
120.8973 22.1471 20.1500 2.02 c
120.8828 22.1523 21.2800 1.61 c
121.2870 22.7938 23.4800 1.54 c
120.6750 23.5535 8.7600 0.89 c
121.5696 23.9871 33.7400 2.92 c
121.3393 23.7073 10.3500 1.67 c
122.0393 24.6403 52.2500 3.24 c
120.7081 23.6056 8.2400 1.17 c
120.5211 23.2643 6.2200 1.16 c
122.9336 24.0440 25.0500 3.23 c
120.4266 23.5281 8.2400 1.60 c
120.4310 23.5278 7.9100 2.15 c
120.5458 22.9396 17.8000 2.76 c
120.6556 23.5763 9.5000 1.25 c
121.9398 24.4018 30.3100 2.66 c
120.9038 21.4248 57.0600 2.84 c
122.9053 24.0190 22.5300 4.00 c
120.5610 23.6245 2.7700 1.54 c
119.8730 22.8198 21.0600 2.69 c
121.4063 21.7055 36.5500 2.95 c
120.5293 22.3638 19.9800 2.43 c
121.1650 22.5973 14.8300 2.78 c
121.1418 22.5955 15.3800 2.74 c
122.2091 24.2163 53.2000 2.82 c
121.3451 24.5935 7.8500 1.93 c
121.6830 23.7711 34.9000 2.62 c
120.6808 23.0838 7.4100 1.28 c
121.6973 23.4755 10.2800 2.08 c
121.3398 23.1591 20.6900 2.12 c
122.3576 24.9466 5.1300 2.20 c
120.5910 23.2910 10.5000 0.97 c
121.8866 24.4908 6.1800 1.87 c
121.5835 23.8080 32.8000 1.98 c
121.2141 24.0408 64.1200 2.41 c
120.6933 23.1103 4.3200 2.49 c
120.6978 23.1041 5.1200 2.13 c
120.9803 23.3796 10.8900 2.27 c
121.7028 24.1163 15.9000 1.90 c
120.9766 23.3868 12.1200 1.45 c
120.9658 23.3905 6.7100 1.32 c
120.9515 23.3791 4.7200 1.38 c
120.6978 23.1075 4.8600 1.64 c
121.3623 22.4351 25.5600 2.53 c
122.0000 24.7358 72.9400 3.44 c
120.8961 22.4090 10.4900 1.20 c
121.8370 24.5010 17.7500 1.61 c
121.3606 24.6100 6.4100 1.83 c
120.4103 23.4838 8.0100 2.05 c
120.6101 23.4230 8.4900 1.15 c
120.6228 22.9005 12.0900 1.47 c
121.0801 23.8718 24.8000 2.50 c
121.7398 24.0783 32.8900 2.09 c
121.1870 23.0080 24.8200 2.74 c
121.2648 23.0175 14.2100 2.13 c
120.5950 22.5305 20.8300 1.65 c
121.7271 24.6280 11.0500 1.35 c
120.9863 23.1890 11.7600 2.19 c
120.9945 23.2008 10.8200 2.00 c
121.7363 24.4311 7.9200 1.09 c
121.5760 23.8361 28.4000 2.42 c
122.3730 24.3891 53.7000 2.09 c
121.4918 23.8835 10.0500 1.77 c
121.4520 24.4980 12.3700 1.36 c
121.2955 22.9111 18.2200 2.07 c
121.8585 24.4998 7.4200 1.94 c
120.4925 23.4306 9.7400 1.76 c
120.5575 22.4545 17.7900 1.67 c
120.8935 24.3436 4.9400 2.88 c
121.0490 23.1028 8.9400 1.94 c
121.6201 23.8258 38.3800 2.18 c
120.0860 23.0885 15.2200 1.94 c
122.9916 24.0790 32.4000 2.54 c
121.5013 24.6271 10.2300 1.60 c
121.0516 22.9731 7.4300 1.28 c
122.0896 24.8871 10.7800 1.57 c
120.6543 23.0460 3.8200 1.83 c
121.6288 24.5718 7.7700 1.57 c
122.9895 24.0645 31.2100 2.79 c
120.9758 23.3903 11.4800 1.61 c
121.3355 23.1565 20.3100 1.30 c
120.4710 23.4876 10.2400 1.62 c
121.9916 24.8141 8.0000 2.92 c
120.5186 21.7968 33.1100 2.68 c
122.2566 24.1595 18.2300 2.73 c
121.7400 24.2710 10.0500 1.69 c
121.4013 22.9195 37.3700 2.88 c
120.9716 23.1876 10.8500 2.51 c
121.9748 24.8530 10.9500 1.22 c
121.5095 22.8218 23.7700 2.43 c
121.3066 22.3011 18.7400 2.79 c
121.5190 24.0560 18.7100 2.54 c
121.7746 24.3696 11.3000 2.05 c
120.5821 22.4506 20.8800 1.95 c
121.7511 24.2471 10.2300 1.85 c
121.2911 23.1471 11.4900 1.74 c
120.4341 22.0708 44.5400 2.95 c
120.9233 23.3243 12.2000 1.99 c
121.5243 23.1855 32.3700 2.23 c
122.0310 24.4876 60.1000 2.21 c
121.4896 24.6383 7.3100 1.44 c
121.8940 24.8141 70.7800 2.34 c
120.9743 23.3775 11.6900 1.38 c
120.9723 23.3795 8.1900 2.46 c
120.9581 23.3671 6.7500 1.52 c
120.9825 23.3475 11.6900 1.43 c
120.9693 23.3765 8.1200 1.70 c
122.0885 24.5401 53.0300 2.98 c
122.2498 24.6311 71.6200 2.75 c
121.8583 24.3300 8.4900 1.24 c
120.4390 22.0645 51.0000 2.82 c
120.7998 23.1938 3.4000 1.26 c
121.4183 23.9703 5.9800 1.78 c
121.1703 23.1635 16.5800 1.45 c
121.5885 24.5683 10.0200 1.41 c
120.8223 23.6038 16.0400 1.29 c
121.9173 24.4145 18.4500 3.20 c
122.7201 25.1368 189.8100 3.40 c
121.9660 24.4040 32.7300 2.74 c
121.3391 22.9016 25.6700 1.86 c
122.2826 24.7986 5.8700 2.84 c
121.2888 23.4600 10.3300 1.32 c
122.2728 24.8205 12.3000 3.20 c
121.8591 24.4033 15.7800 2.25 c
122.2868 24.8576 12.6500 2.72 c
121.4060 22.1348 25.8100 2.44 c
121.7928 24.4375 11.1300 2.05 c
121.6155 24.2600 12.7100 1.68 c
120.9628 24.0248 24.2000 1.88 c
122.1061 24.5978 5.9700 1.65 c
120.9316 23.0938 9.9400 1.43 c
121.9783 24.8293 7.2900 1.30 c
121.5426 24.1190 16.4900 2.03 c
120.9991 23.8315 16.3600 1.65 c
121.8848 24.6265 21.3100 2.11 c
121.7196 24.3768 46.9100 2.41 c
121.0725 23.0395 3.9300 2.77 c
121.9050 24.7461 11.8800 2.08 c
120.3145 23.4956 11.7000 2.28 c
121.9535 24.7625 64.4700 2.61 c
121.8366 24.4611 14.3300 1.82 c
121.2811 22.8193 16.9400 2.95 c
120.7300 23.5501 14.4100 1.44 c
121.6986 24.3298 46.2700 2.37 c
121.8196 24.4701 4.8500 1.75 c
121.4020 23.2671 17.9900 1.71 c
121.8740 24.4875 10.0300 2.25 c
121.8063 24.4531 10.9300 2.19 c
121.8293 24.6550 16.4700 1.51 c
120.9743 23.1588 9.4400 1.36 c
121.4278 23.1306 20.4400 1.26 c
121.8768 24.4655 11.2900 1.22 c
121.8696 24.4680 15.2500 1.53 c
121.3751 24.4443 8.4200 1.54 c
121.9098 24.4541 5.5700 1.06 c
121.6500 23.8288 33.7900 2.66 c
120.7920 22.4266 15.1900 1.93 c
120.9031 22.5913 6.2600 1.65 c
121.7541 24.3100 41.3700 2.31 c
121.2151 24.6965 8.0300 2.12 c
121.0181 22.7925 10.5700 1.97 c
120.9025 23.2055 3.9800 1.41 c
120.9188 23.0526 5.5000 1.49 c
121.9763 24.8066 10.3800 2.06 c
121.9670 24.8108 9.9200 2.62 c
120.5168 23.0498 9.6400 2.75 c
121.1483 24.2216 11.6800 2.24 c
122.8710 23.6916 52.0700 5.82 c
121.9756 24.8056 9.4100 2.14 c
121.9428 24.8288 13.9700 2.46 c
121.1111 24.2235 10.5400 2.04 c
121.6476 24.0255 4.0000 1.57 c
121.7716 24.2223 6.4000 1.93 c
121.8655 24.2591 10.8500 2.95 c
122.5298 24.8108 14.0300 2.37 c
122.8410 23.7233 42.9300 5.00 c
121.6080 24.5585 61.4800 3.73 c
121.9360 24.8238 10.1300 1.94 c
121.9458 24.3895 25.9700 2.37 c
120.5345 23.0526 11.3900 1.74 c
120.4260 23.1605 8.1400 2.50 c
122.7756 23.7628 46.8900 3.41 c
121.7253 24.3590 15.8300 2.15 c
120.2006 23.1858 18.2900 2.21 c
121.8305 24.5556 5.7200 1.86 c
120.7875 23.3681 5.3300 1.11 c
120.5073 22.0216 42.3300 2.81 c
121.8298 24.4418 18.6500 2.15 c
121.3463 23.1700 21.1600 1.33 c
121.4256 23.8210 17.8700 1.90 c
120.9463 23.0585 10.4100 1.97 c
120.6985 23.5610 7.8100 1.85 c
121.5623 24.6095 50.7300 2.15 c
121.6443 23.8078 39.5400 2.50 c
120.5426 23.2140 6.6400 0.77 c
121.8215 24.4621 17.1300 2.49 c
122.4755 24.7146 3.3300 2.52 c
120.5455 23.2233 3.4900 1.43 c
121.3781 24.4186 11.4400 2.16 c
120.7203 23.2898 5.8200 1.39 c
121.5508 24.0450 16.6200 2.14 c
121.4525 23.9130 19.1000 2.05 c
121.8535 24.4426 7.7400 2.21 c
121.3441 23.2001 21.4800 1.42 c
121.7170 24.9635 109.1400 3.45 c
121.7221 24.0973 37.5000 2.48 c
120.4561 21.7415 26.9200 2.74 c
120.6905 23.2356 14.9700 2.45 c
121.3443 22.3700 16.5300 2.96 c
120.6841 23.2340 14.8600 1.70 c
120.6853 23.2323 14.9000 1.58 c
120.6403 22.5365 10.7700 2.58 c
120.6048 22.5340 16.6700 2.27 c
121.5521 24.6010 65.9000 2.83 c
120.6481 22.5346 10.2600 2.91 c
120.9741 21.9228 21.7600 2.67 c
121.0241 22.7595 13.2100 2.16 c
120.9898 23.8541 17.5200 2.76 c
120.9920 23.8541 16.2300 3.27 c
121.0381 22.9595 9.1500 1.87 c
121.4256 23.3360 22.7000 1.87 c
120.9321 22.4728 15.4300 1.23 c
120.7360 23.5203 8.5100 1.25 c
120.9673 23.1591 6.6300 1.21 c
121.7890 24.4135 23.9900 1.69 c
121.0123 22.8940 16.2900 1.66 c
121.3405 22.3580 8.0400 2.51 c
121.3350 22.3488 6.8400 2.09 c
121.2470 22.1646 12.0900 2.55 c
120.4335 23.1393 12.1800 1.47 c
120.4118 23.1710 10.4100 1.38 c
121.9011 24.3255 31.4000 1.74 c
120.5426 23.2640 8.1800 0.85 c
122.0051 24.8305 6.8800 1.93 c
120.4175 23.1603 8.2900 1.84 c
122.4055 24.0406 12.0200 2.57 c
121.0801 22.7185 17.7700 1.92 c
120.6641 23.3950 9.5400 1.49 c
120.9951 23.8510 16.0200 2.30 c
120.5736 23.5765 9.5200 1.69 c
120.9943 23.8553 17.9300 2.04 c
121.8501 24.3421 39.5100 2.14 c
120.9468 23.7418 8.3600 1.36 c
120.5681 23.4893 6.7600 1.99 c
120.7385 23.4508 16.0200 1.22 c
121.5298 22.9163 27.5600 2.11 c
121.7058 23.9745 34.2400 4.16 c
120.6693 22.8416 15.6000 2.31 c
121.0476 24.3570 6.0300 1.76 c
120.9815 23.1980 10.5000 1.49 c
120.8058 23.5173 16.7900 1.50 c
122.0361 24.8581 13.3200 2.37 c
120.7088 23.5126 8.3300 1.70 c
122.0091 24.4868 63.0600 2.52 c
121.4328 23.7373 18.7700 1.92 c
121.5615 23.2625 40.7200 2.67 c
121.5505 23.1873 39.4800 2.16 c
121.5565 23.2631 42.1500 2.15 c
121.2596 22.8771 41.4700 2.85 c
120.9481 23.7316 4.1300 1.59 c
121.4368 23.7801 26.0100 2.50 c
121.0643 22.0620 27.9000 1.89 c
120.6446 23.2925 9.2000 1.52 c
120.7360 23.5198 8.1900 0.96 c
121.6988 24.0265 11.3500 2.60 c
121.7805 24.3713 12.8400 2.19 c
120.9110 23.0481 8.8200 1.02 c
121.0028 23.0183 8.5600 1.52 c
121.6061 21.1323 111.8200 3.14 c
120.6083 23.1821 12.1100 1.13 c
121.8151 24.3573 12.2900 2.22 c
122.6016 22.6221 50.0600 3.12 c
122.1246 23.5330 10.3400 2.70 c
121.8461 24.4878 11.9900 1.54 c
120.9575 23.3701 5.9800 1.30 c
120.9716 23.3796 5.3400 1.18 c
120.8545 22.8920 5.7300 2.32 c
121.9518 23.8005 31.6200 2.72 c
122.2611 24.1573 21.6600 2.45 c
120.9515 23.8266 14.6300 2.87 c
121.5760 23.2466 29.9000 2.23 c
121.3028 23.1290 20.8200 1.51 c
121.3763 22.9446 12.4100 2.07 c
121.8415 24.4633 13.8700 1.36 c
120.9725 24.0901 28.2000 2.07 c
120.6620 23.5875 7.3600 0.78 c
120.6298 23.1588 4.8700 0.76 c
122.2705 25.3078 188.2300 3.02 c
121.2105 24.6988 7.1200 1.80 c
121.2968 22.9076 22.9800 2.40 c
121.0058 22.6806 7.4600 1.32 c
120.4670 22.6930 27.4800 2.12 c
122.2203 24.1913 21.3500 2.03 c
121.9201 24.4818 10.6000 1.14 c
121.6850 24.2998 14.0700 2.57 c
121.3063 22.9596 7.7900 1.87 c
121.7876 23.7710 17.9000 2.28 c
120.9536 23.3085 12.3600 1.41 c
120.8945 23.2061 1.3700 0.98 c
120.7880 23.5880 17.6000 1.90 c
121.9298 24.6241 11.0200 1.35 c
121.0398 22.9586 8.5200 1.90 c
120.9023 22.8356 8.4400 1.60 c
121.1863 23.1018 12.8100 1.59 c
121.2561 22.9486 16.1200 2.27 c
