     0.000000      10.0960
     0.100000      9.97646
     0.200000      10.0289
     0.300000      10.0146
     0.400000      9.89556
     0.500000      9.89938
     0.600000      9.92034
     0.700000      9.84096
     0.800000      9.97580
     0.900000      9.96925
      1.00000      10.0198
      1.10000      9.95703
      1.20000      10.1303
      1.30000      10.1924
      1.40000      10.2158
      1.50000      10.2671
      1.60000      10.3024
      1.70000      10.3589
      1.80000      10.3067
      1.90000      10.2443
      2.00000      10.1553
      2.10000      10.0826
      2.20000      10.0277
      2.30000      9.79915
      2.40000      9.62058
      2.50000      9.62048
      2.60000      9.45652
      2.70000      9.27688
      2.80000      9.24209
      2.90000      9.21879
      3.00000      9.30202
      3.10000      9.55607
      3.20000      9.89316
      3.30000      10.0437
      3.40000      9.81185
      3.50000      9.29078
      3.60000      8.89537
      3.70000      8.64368
      3.80000      8.51713
      3.90000      8.55980
