41.293992      -119.55931
40.349667      -119.81957
39.938877      -120.30464
40.553178      -119.50781
41.265266      -119.77170
40.003823      -120.40004
40.993201      -119.60283
40.184234      -119.78593
40.304438      -119.96228
40.115790      -119.66294
41.141343      -119.91612
39.638387      -120.05274
40.525687      -119.80119
41.221757      -120.03453
40.823908      -119.93679
41.033723      -120.40965
39.618863      -119.80131
41.464168      -120.39561
40.217265      -119.61729
41.164013      -120.29683
40.106189      -119.82198
40.513423      -119.70778
40.026592      -119.98297
40.548824      -119.57707
40.166060      -120.03801
41.430203      -120.29062
41.238892      -119.92784
41.038893      -119.80887
41.245619      -120.11843
41.118640      -120.00521
39.713820      -120.08351
40.030619      -119.62171
41.446117      -120.36693
41.410982      -120.48689
39.742308      -119.57607
41.446690      -120.41965
40.564690      -120.13654
39.855907      -119.90161
40.444398      -120.42481
40.884729      -120.18791
39.530838      -119.80028
40.961492      -119.92838
40.488212      -119.86398
40.608316      -119.99652
39.502882      -120.49982
39.619048      -120.09710
40.566092      -119.52700
39.700330      -119.69228
41.291196      -119.65644
39.577797      -120.46911